1668424089.70,0,-2.76,4.21,-nan,-nan
1668424089.70,0,-0.75,3.96,-2.98,4.29
1668424089.70,0,1.10,4.31,-3.22,4.27
1668424089.70,0,3.42,4.45,-3.17,4.14
1668424089.70,0,5.17,4.86,-nan,-nan
1668424089.70,0,-2.87,2.51,-2.83,-1.69
1668424089.70,0,-1.24,2.83,-2.85,-1.45
1668424089.70,0,1.44,2.83,0.40,2.80
1668424089.70,0,3.24,3.18,7.15,-3.13
1668424089.70,0,4.46,3.17,7.15,-3.20
1668424089.70,0,5.56,3.97,7.15,-3.19
1668424089.70,0,5.53,0.98,7.19,-4.17
1668424089.70,0,2.56,0.74,7.19,-4.17
1668424089.70,0,-0.38,0.18,4.06,-3.92
1668424089.70,0,-2.41,0.76,-2.83,-1.69
1668424089.70,0,-2.15,-2.05,-2.80,-2.08
1668424089.70,0,-0.07,-0.98,4.06,-3.92
1668424089.70,0,2.09,-1.35,-nan,-nan
1668424089.70,0,3.97,-1.76,7.19,-4.17
1668424089.70,0,5.60,-2.08,7.19,-4.17
1668424089.70,0,-1.89,-3.09,-2.73,-3.24
1668424089.70,0,-0.28,-3.04,4.06,-3.92
1668424089.70,0,2.06,-3.17,4.06,-5.82
1668424089.70,0,4.88,-2.81,7.19,-4.17
1668424089.70,0,6.60,-2.23,7.19,-4.17
1668424089.70,0,-2.42,-4.70,-2.62,-4.72
1668424089.70,0,-0.69,-4.50,0.11,-6.29
1668424089.70,0,1.67,-4.41,3.10,-6.09
1668424089.70,0,3.96,-5.02,2.91,-6.16
1668424089.70,0,5.74,-4.87,7.19,-4.17
1668424089.70,0,6.69,-3.95,7.19,-4.16
1668424089.70,0,-2.15,-6.27,-nan,-nan
1668424089.70,0,0.11,-6.07,0.08,-6.27
1668424089.70,0,2.15,-6.06,2.07,-6.40
1668424089.70,0,3.81,-5.48,2.88,-6.17
1668424089.70,0,6.94,-6.22,7.19,-4.16
1668424089.70,0,-1.95,-8.01,-2.44,-8.24
1668424089.70,0,-0.37,-7.74,0.08,-6.27
1668424089.70,0,1.26,-7.95,2.07,-6.40
1668424089.70,0,3.46,-7.91,2.44,-6.29
1668424089.70,0,5.29,-7.77,3.31,-6.05
1668424089.70,0,6.62,-7.85,-nan,-nan
1668424089.70,0,-2.14,-9.32,-1.91,-10.04
1668424089.70,0,-0.48,-9.33,1.42,-10.12
1668424089.70,0,1.33,-8.87,1.78,-10.10
1668424089.70,0,3.71,-9.70,2.82,-10.13
1668424089.70,0,-0.60,-10.01,1.79,-10.10
1668424089.70,0,5.18,-9.42,3.22,-10.16
1668424089.70,0,7.35,-9.10,8.32,-8.79
1668424089.70,0,7.35,-9.10,8.32,-8.79
1668424089.70,10,-2.76,4.21,-2.85,-1.44
1668424089.70,10,-0.75,3.96,-3.01,4.26
1668424089.70,10,1.10,4.31,-3.00,4.27
1668424089.70,10,3.42,4.45,-nan,-nan
1668424089.70,10,5.17,4.86,7.15,-3.13
1668424089.70,10,-2.87,2.51,-2.83,-1.69
1668424089.70,10,-1.24,2.83,-2.83,-1.68
1668424089.70,10,1.44,2.83,-3.00,4.27
1668424089.70,10,3.24,3.18,-3.17,4.14
1668424089.70,10,4.46,3.17,7.15,-3.13
1668424089.70,10,5.56,3.97,7.15,-3.20
1668424089.70,10,5.53,0.98,7.17,-3.51
1668424089.70,10,2.56,0.74,7.19,-4.17
1668424089.70,10,-0.38,0.18,-2.82,-1.86
1668424089.70,10,-2.41,0.76,-2.83,-1.69
1668424089.70,10,-2.15,-2.05,-2.75,-2.83
1668424089.70,10,-0.07,-0.98,4.06,-3.92
1668424089.70,10,2.09,-1.35,3.31,-4.66
1668424089.70,10,3.97,-1.76,7.19,-4.17
1668424089.70,10,5.60,-2.08,7.19,-4.17
1668424089.70,10,-1.89,-3.09,-2.69,-3.97
1668424089.70,10,-0.28,-3.04,4.06,-3.92
1668424089.70,10,2.06,-3.17,1.54,-5.95
1668424089.70,10,4.88,-2.81,7.19,-4.17
1668424089.70,10,6.60,-2.23,7.19,-4.17
1668424089.70,10,-2.42,-4.70,-nan,-nan
1668424089.70,10,-0.69,-4.50,1.41,-5.97
1668424089.70,10,1.67,-4.41,1.41,-5.97
1668424089.70,10,3.96,-5.02,3.85,-5.89
1668424089.70,10,5.74,-4.87,7.19,-4.17
1668424089.70,10,6.69,-3.95,7.19,-4.17
1668424089.70,10,-2.15,-6.27,-nan,-nan
1668424089.70,10,0.11,-6.07,1.42,-5.97
1668424089.70,10,2.15,-6.06,2.96,-6.11
1668424089.70,10,3.81,-5.48,3.83,-5.90
1668424089.70,10,6.94,-6.22,7.19,-4.17
1668424089.70,10,-1.95,-8.01,-nan,-nan
1668424089.70,10,-0.37,-7.74,1.41,-5.97
1668424089.70,10,1.26,-7.95,1.42,-5.97
1668424089.70,10,3.46,-7.91,3.61,-5.97
1668424089.70,10,5.29,-7.77,7.19,-4.16
1668424089.70,10,6.62,-7.85,7.19,-4.16
1668424089.70,10,-2.14,-9.32,1.79,-10.10
1668424089.70,10,-0.48,-9.33,2.69,-10.12
1668424089.70,10,1.33,-8.87,2.82,-10.13
1668424089.70,10,3.71,-9.70,3.42,-10.12
1668424089.70,10,-0.60,-10.01,2.60,-10.12
1668424089.70,10,5.18,-9.42,-nan,-nan
1668424089.70,10,7.35,-9.10,-nan,-nan
1668424089.70,10,7.35,-9.10,-nan,-nan
1668424089.70,20,-2.76,4.21,-nan,-nan
1668424089.70,20,-0.75,3.96,-2.85,-1.47
1668424089.70,20,1.10,4.31,-3.00,4.27
1668424089.70,20,3.42,4.45,-nan,-nan
1668424089.70,20,5.17,4.86,7.15,-3.13
1668424089.70,20,-2.87,2.51,-nan,-nan
1668424089.70,20,-1.24,2.83,-nan,-nan
1668424089.70,20,1.44,2.83,-2.83,-1.72
1668424089.70,20,3.24,3.18,-nan,-nan
1668424089.70,20,4.46,3.17,0.40,2.80
1668424089.70,20,5.56,3.97,7.15,-3.13
1668424089.70,20,5.53,0.98,7.15,-3.12
1668424089.70,20,2.56,0.74,-nan,-nan
1668424089.70,20,-0.38,0.18,-2.80,-2.10
1668424089.70,20,-2.41,0.76,-2.83,-1.69
1668424089.70,20,-2.15,-2.05,-2.71,-3.49
1668424089.70,20,-0.07,-0.98,4.06,-3.92
1668424089.70,20,2.09,-1.35,2.54,-4.70
1668424089.70,20,3.97,-1.76,7.19,-4.17
1668424089.70,20,5.60,-2.08,7.19,-4.17
1668424089.70,20,-1.89,-3.09,-2.66,-4.39
1668424089.70,20,-0.28,-3.04,4.06,-3.92
1668424089.70,20,2.06,-3.17,4.06,-3.92
1668424089.70,20,4.88,-2.81,7.19,-4.17
1668424089.70,20,6.60,-2.23,7.19,-4.17
1668424089.70,20,-2.42,-4.70,-nan,-nan
1668424089.70,20,-0.69,-4.50,1.41,-5.97
1668424089.70,20,1.67,-4.41,1.41,-5.97
1668424089.70,20,3.96,-5.02,3.85,-5.89
1668424089.70,20,5.74,-4.87,7.19,-4.16
1668424089.70,20,6.69,-3.95,7.19,-4.17
1668424089.70,20,-2.15,-6.27,-nan,-nan
1668424089.70,20,0.11,-6.07,1.41,-5.97
1668424089.70,20,2.15,-6.06,1.41,-5.97
1668424089.70,20,3.81,-5.48,4.06,-5.82
1668424089.70,20,6.94,-6.22,7.19,-4.17
1668424089.70,20,-1.95,-8.01,-nan,-nan
1668424089.70,20,-0.37,-7.74,1.41,-5.97
1668424089.70,20,1.26,-7.95,1.41,-5.99
1668424089.70,20,3.46,-7.91,3.85,-5.89
1668424089.70,20,5.29,-7.77,7.19,-4.17
1668424089.70,20,6.62,-7.85,7.19,-4.17
1668424089.70,20,-2.14,-9.32,2.70,-10.12
1668424089.70,20,-0.48,-9.33,2.81,-10.13
1668424089.70,20,1.33,-8.87,3.56,-6.00
1668424089.70,20,3.71,-9.70,7.25,-5.15
1668424089.70,20,-0.60,-10.01,2.81,-10.13
1668424089.70,20,5.18,-9.42,7.19,-4.17
1668424089.70,20,7.35,-9.10,-nan,-nan
1668424089.70,20,7.35,-9.10,-nan,-nan
1668424089.70,30,-2.76,4.21,-2.83,-1.69
1668424089.70,30,-0.75,3.96,-2.83,-1.69
1668424089.70,30,1.10,4.31,-3.00,4.27
1668424089.70,30,3.42,4.45,-3.00,4.27
1668424089.70,30,5.17,4.86,-nan,-nan
1668424089.70,30,-2.87,2.51,-2.83,-1.65
1668424089.70,30,-1.24,2.83,-nan,-nan
1668424089.70,30,1.44,2.83,-2.83,-1.69
1668424089.70,30,3.24,3.18,-2.85,-1.44
1668424089.70,30,4.46,3.17,-3.29,4.40
1668424089.70,30,5.56,3.97,7.15,-3.14
1668424089.70,30,5.53,0.98,7.15,-3.19
1668424089.70,30,2.56,0.74,4.06,-3.92
1668424089.70,30,-0.38,0.18,4.06,-3.92
1668424089.70,30,-2.41,0.76,-2.82,-1.86
1668424089.70,30,-2.15,-2.05,-2.65,-4.33
1668424089.70,30,-0.07,-0.98,4.06,-3.92
1668424089.70,30,2.09,-1.35,4.06,-3.92
1668424089.70,30,3.97,-1.76,7.19,-4.17
1668424089.70,30,5.60,-2.08,7.18,-3.85
1668424089.70,30,-1.89,-3.09,-2.59,-5.09
1668424089.70,30,-0.28,-3.04,3.08,-4.00
1668424089.70,30,2.06,-3.17,4.06,-3.92
1668424089.70,30,4.88,-2.81,7.19,-4.17
1668424089.70,30,6.60,-2.23,7.18,-4.05
1668424089.70,30,-2.42,-4.70,-nan,-nan
1668424089.70,30,-0.69,-4.50,1.54,-5.95
1668424089.70,30,1.67,-4.41,2.53,-4.70
1668424089.70,30,3.96,-5.02,3.34,-4.66
1668424089.70,30,5.74,-4.87,7.19,-4.17
1668424089.70,30,6.69,-3.95,7.19,-4.16
1668424089.70,30,-2.15,-6.27,-nan,-nan
1668424089.70,30,0.11,-6.07,1.40,-5.99
1668424089.70,30,2.15,-6.06,1.63,-5.94
1668424089.70,30,3.81,-5.48,7.19,-4.17
1668424089.70,30,6.94,-6.22,7.19,-4.17
1668424089.70,30,-1.95,-8.01,-nan,-nan
1668424089.70,30,-0.37,-7.74,1.41,-5.97
1668424089.70,30,1.26,-7.95,1.54,-5.95
1668424089.70,30,3.46,-7.91,7.19,-4.17
1668424089.70,30,5.29,-7.77,7.19,-4.17
1668424089.70,30,6.62,-7.85,7.19,-4.17
1668424089.70,30,-2.14,-9.32,2.81,-10.13
1668424089.70,30,-0.48,-9.33,3.39,-10.10
1668424089.70,30,1.33,-8.87,1.55,-5.95
1668424089.70,30,3.71,-9.70,-nan,-nan
1668424089.70,30,-0.60,-10.01,3.43,-10.10
1668424089.70,30,5.18,-9.42,7.19,-4.17
1668424089.70,30,7.35,-9.10,7.19,-4.17
1668424089.70,30,7.35,-9.10,7.19,-4.17
1668424089.70,40,-2.76,4.21,-2.83,-1.69
1668424089.70,40,-0.75,3.96,7.15,-3.13
1668424089.70,40,1.10,4.31,7.01,2.83
1668424089.70,40,3.42,4.45,-nan,-nan
1668424089.70,40,5.17,4.86,-nan,-nan
1668424089.70,40,-2.87,2.51,-2.83,-1.69
1668424089.70,40,-1.24,2.83,-2.81,-1.92
1668424089.70,40,1.44,2.83,4.23,-3.90
1668424089.70,40,3.24,3.18,4.06,-3.92
1668424089.70,40,4.46,3.17,7.15,-3.20
1668424089.70,40,5.56,3.97,7.13,-2.70
1668424089.70,40,5.53,0.98,7.15,-3.13
1668424089.70,40,2.56,0.74,3.77,-3.94
1668424089.70,40,-0.38,0.18,4.24,-3.90
1668424089.70,40,-2.41,0.76,-2.75,-2.92
1668424089.70,40,-2.15,-2.05,-2.61,-5.03
1668424089.70,40,-0.07,-0.98,4.22,-3.90
1668424089.70,40,2.09,-1.35,4.17,-3.90
1668424089.70,40,3.97,-1.76,4.06,-3.92
1668424089.70,40,5.60,-2.08,7.19,-4.16
1668424089.70,40,-1.89,-3.09,-nan,-nan
1668424089.70,40,-0.28,-3.04,4.20,-3.90
1668424089.70,40,2.06,-3.17,3.98,-3.91
1668424089.70,40,4.88,-2.81,4.87,-3.85
1668424089.70,40,6.60,-2.23,7.15,-3.12
1668424089.70,40,-2.42,-4.70,-nan,-nan
1668424089.70,40,-0.69,-4.50,2.53,-4.70
1668424089.70,40,1.67,-4.41,2.83,-4.69
1668424089.70,40,3.96,-5.02,4.25,-4.63
1668424089.70,40,5.74,-4.87,7.19,-4.17
1668424089.70,40,6.69,-3.95,7.19,-4.17
1668424089.70,40,-2.15,-6.27,-nan,-nan
1668424089.70,40,0.11,-6.07,1.63,-5.94
1668424089.70,40,2.15,-6.06,7.19,-4.17
1668424089.70,40,3.81,-5.48,7.19,-4.16
1668424089.70,40,6.94,-6.22,7.19,-4.16
1668424089.70,40,-1.95,-8.01,-nan,-nan
1668424089.70,40,-0.37,-7.74,1.59,-5.95
1668424089.70,40,1.26,-7.95,7.19,-4.17
1668424089.70,40,3.46,-7.91,7.19,-4.17
1668424089.70,40,5.29,-7.77,7.19,-4.17
1668424089.70,40,6.62,-7.85,7.19,-4.17
1668424089.70,40,-2.14,-9.32,3.40,-10.10
1668424089.70,40,-0.48,-9.33,-nan,-nan
1668424089.70,40,1.33,-8.87,7.19,-4.17
1668424089.70,40,3.71,-9.70,-nan,-nan
1668424089.70,40,-0.60,-10.01,-nan,-nan
1668424089.70,40,5.18,-9.42,-nan,-nan
1668424089.70,40,7.35,-9.10,-nan,-nan
1668424089.70,40,7.35,-9.10,-nan,-nan
1668424089.70,50,-2.76,4.21,-nan,-nan
1668424089.70,50,-0.75,3.96,5.86,4.87
1668424089.70,50,1.10,4.31,5.87,4.86
1668424089.70,50,3.42,4.45,7.02,2.80
1668424089.70,50,5.17,4.86,7.13,0.32
1668424089.70,50,-2.87,2.51,-2.81,-1.99
1668424089.70,50,-1.24,2.83,-2.64,-4.42
1668424089.70,50,1.44,2.83,7.15,-3.19
1668424089.70,50,3.24,3.18,7.13,-2.76
1668424089.70,50,4.46,3.17,7.13,-2.74
1668424089.70,50,5.56,3.97,7.03,1.65
1668424089.70,50,5.53,0.98,7.15,-3.13
1668424089.70,50,2.56,0.74,4.91,-3.84
1668424089.70,50,-0.38,0.18,7.15,-3.19
1668424089.70,50,-2.41,0.76,-2.72,-3.53
1668424089.70,50,-2.15,-2.05,-nan,-nan
1668424089.70,50,-0.07,-0.98,7.15,-3.20
1668424089.70,50,2.09,-1.35,4.91,-3.85
1668424089.70,50,3.97,-1.76,4.91,-3.85
1668424089.70,50,5.60,-2.08,7.15,-3.13
1668424089.70,50,-1.89,-3.09,-nan,-nan
1668424089.70,50,-0.28,-3.04,4.83,-3.85
1668424089.70,50,2.06,-3.17,4.83,-3.85
1668424089.70,50,4.88,-2.81,7.15,-3.26
1668424089.70,50,6.60,-2.23,7.15,-3.13
1668424089.70,50,-2.42,-4.70,-nan,-nan
1668424089.70,50,-0.69,-4.50,4.24,-3.90
1668424089.70,50,1.67,-4.41,4.84,-3.85
1668424089.70,50,3.96,-5.02,7.19,-4.17
1668424089.70,50,5.74,-4.87,7.19,-3.93
1668424089.70,50,6.69,-3.95,7.15,-3.19
1668424089.70,50,-2.15,-6.27,-nan,-nan
1668424089.70,50,0.11,-6.07,7.19,-4.16
1668424089.70,50,2.15,-6.06,7.19,-4.17
1668424089.70,50,3.81,-5.48,7.19,-4.16
1668424089.70,50,6.94,-6.22,7.19,-4.16
1668424089.70,50,-1.95,-8.01,-nan,-nan
1668424089.70,50,-0.37,-7.74,7.19,-4.17
1668424089.70,50,1.26,-7.95,7.19,-4.17
1668424089.70,50,3.46,-7.91,7.19,-4.16
1668424089.70,50,5.29,-7.77,7.19,-4.17
1668424089.70,50,6.62,-7.85,7.19,-4.17
1668424089.70,50,-2.14,-9.32,-nan,-nan
1668424089.70,50,-0.48,-9.33,-nan,-nan
1668424089.70,50,1.33,-8.87,-nan,-nan
1668424089.70,50,3.71,-9.70,-nan,-nan
1668424089.70,50,-0.60,-10.01,-nan,-nan
1668424089.70,50,5.18,-9.42,-nan,-nan
1668424089.70,50,7.35,-9.10,7.39,-9.49
1668424089.70,50,7.35,-9.10,7.39,-9.49
1668424089.70,60,-2.76,4.21,-nan,-nan
1668424089.70,60,-0.75,3.96,5.86,4.87
1668424089.70,60,1.10,4.31,5.86,4.87
1668424089.70,60,3.42,4.45,6.98,2.90
1668424089.70,60,5.17,4.86,7.03,2.78
1668424089.70,60,-2.87,2.51,-2.76,-2.77
1668424089.70,60,-1.24,2.83,3.62,4.98
1668424089.70,60,1.44,2.83,7.15,-3.12
1668424089.70,60,3.24,3.18,7.10,0.70
1668424089.70,60,4.46,3.17,7.06,-0.93
1668424089.70,60,5.56,3.97,-nan,-nan
1668424089.70,60,5.53,0.98,7.14,-2.98
1668424089.70,60,2.56,0.74,7.15,-3.12
1668424089.70,60,-0.38,0.18,3.84,-0.12
1668424089.70,60,-2.41,0.76,-2.68,-4.13
1668424089.70,60,-2.15,-2.05,-nan,-nan
1668424089.70,60,-0.07,-0.98,7.15,-3.14
1668424089.70,60,2.09,-1.35,7.15,-3.20
1668424089.70,60,3.97,-1.76,7.15,-3.19
1668424089.70,60,5.60,-2.08,7.15,-3.13
1668424089.70,60,-1.89,-3.09,-nan,-nan
1668424089.70,60,-0.28,-3.04,3.84,-0.12
1668424089.70,60,2.06,-3.17,7.15,-3.13
1668424089.70,60,4.88,-2.81,7.15,-3.13
1668424089.70,60,6.60,-2.23,7.15,-3.13
1668424089.70,60,-2.42,-4.70,-nan,-nan
1668424089.70,60,-0.69,-4.50,-0.94,-3.95
1668424089.70,60,1.67,-4.41,7.15,-3.28
1668424089.70,60,3.96,-5.02,7.19,-3.90
1668424089.70,60,5.74,-4.87,7.15,-3.13
1668424089.70,60,6.69,-3.95,7.15,-3.13
1668424089.70,60,-2.15,-6.27,-nan,-nan
1668424089.70,60,0.11,-6.07,7.19,-4.17
1668424089.70,60,2.15,-6.06,7.19,-4.16
1668424089.70,60,3.81,-5.48,7.18,-3.98
1668424089.70,60,6.94,-6.22,7.19,-3.87
1668424089.70,60,-1.95,-8.01,-nan,-nan
1668424089.70,60,-0.37,-7.74,7.19,-4.17
1668424089.70,60,1.26,-7.95,5.33,-5.14
1668424089.70,60,3.46,-7.91,7.19,-4.17
1668424089.70,60,5.29,-7.77,7.19,-3.89
1668424089.70,60,6.62,-7.85,7.19,-4.17
1668424089.70,60,-2.14,-9.32,-nan,-nan
1668424089.70,60,-0.48,-9.33,-nan,-nan
1668424089.70,60,1.33,-8.87,1.20,-10.05
1668424089.70,60,3.71,-9.70,-nan,-nan
1668424089.70,60,-0.60,-10.01,-nan,-nan
1668424089.70,60,5.18,-9.42,3.63,-9.97
1668424089.70,60,7.35,-9.10,-nan,-nan
1668424089.70,60,7.35,-9.10,-nan,-nan
1668424089.70,70,-2.76,4.21,-nan,-nan
1668424089.70,70,-0.75,3.96,3.62,4.98
1668424089.70,70,1.10,4.31,5.87,4.86
1668424089.70,70,3.42,4.45,5.87,4.86
1668424089.70,70,5.17,4.86,7.03,2.77
1668424089.70,70,-2.87,2.51,-2.73,-3.24
1668424089.70,70,-1.24,2.83,3.59,4.97
1668424089.70,70,1.44,2.83,3.84,-0.11
1668424089.70,70,3.24,3.18,7.02,2.80
1668424089.70,70,4.46,3.17,7.11,0.59
1668424089.70,70,5.56,3.97,7.03,2.78
1668424089.70,70,5.53,0.98,7.05,-1.40
1668424089.70,70,2.56,0.74,7.15,-3.20
1668424089.70,70,-0.38,0.18,3.73,0.63
1668424089.70,70,-2.41,0.76,-2.63,-4.57
1668424089.70,70,-2.15,-2.05,-nan,-nan
1668424089.70,70,-0.07,-0.98,3.84,-0.12
1668424089.70,70,2.09,-1.35,3.84,-0.11
1668424089.70,70,3.97,-1.76,7.15,-3.13
1668424089.70,70,5.60,-2.08,7.15,-3.12
1668424089.70,70,-1.89,-3.09,-nan,-nan
1668424089.70,70,-0.28,-3.04,3.94,-1.01
1668424089.70,70,2.06,-3.17,3.90,-0.86
1668424089.70,70,4.88,-2.81,7.15,-3.20
1668424089.70,70,6.60,-2.23,7.15,-3.13
1668424089.70,70,-2.42,-4.70,7.19,-4.17
1668424089.70,70,-0.69,-4.50,4.24,-4.63
1668424089.70,70,1.67,-4.41,7.15,-3.13
1668424089.70,70,3.96,-5.02,7.14,-3.13
1668424089.70,70,5.74,-4.87,7.15,-3.13
1668424089.70,70,6.69,-3.95,7.15,-3.13
1668424089.70,70,-2.15,-6.27,-nan,-nan
1668424089.70,70,0.11,-6.07,7.19,-4.17
1668424089.70,70,2.15,-6.06,7.19,-3.90
1668424089.70,70,3.81,-5.48,7.15,-3.12
1668424089.70,70,6.94,-6.22,7.15,-3.13
1668424089.70,70,-1.95,-8.01,-3.19,-7.25
1668424089.70,70,-0.37,-7.74,7.19,-4.16
1668424089.70,70,1.26,-7.95,7.19,-3.94
1668424089.70,70,3.46,-7.91,7.15,-3.25
1668424089.70,70,5.29,-7.77,7.15,-3.13
1668424089.70,70,6.62,-7.85,7.19,-3.94
1668424089.70,70,-2.14,-9.32,-nan,-nan
1668424089.70,70,-0.48,-9.33,1.52,-10.05
1668424089.70,70,1.33,-8.87,3.40,-9.98
1668424089.70,70,3.71,-9.70,3.67,-9.97
1668424089.70,70,-0.60,-10.01,1.18,-10.04
1668424089.70,70,5.18,-9.42,3.91,-9.96
1668424089.70,70,7.35,-9.10,-nan,-nan
1668424089.70,70,7.35,-9.10,-nan,-nan
1668424089.70,80,-2.76,4.21,-nan,-nan
1668424089.70,80,-0.75,3.96,3.65,4.97
1668424089.70,80,1.10,4.31,5.86,4.87
1668424089.70,80,3.42,4.45,5.86,4.87
1668424089.70,80,5.17,4.86,6.87,3.20
1668424089.70,80,-2.87,2.51,-2.68,-3.94
1668424089.70,80,-1.24,2.83,3.59,4.97
1668424089.70,80,1.44,2.83,5.87,4.86
1668424089.70,80,3.24,3.18,3.84,-0.11
1668424089.70,80,4.46,3.17,3.84,-0.11
1668424089.70,80,5.56,3.97,6.99,2.89
1668424089.70,80,5.53,0.98,7.15,0.09
1668424089.70,80,2.56,0.74,3.84,-0.12
1668424089.70,80,-0.38,0.18,7.15,-3.20
1668424089.70,80,-2.41,0.76,-2.61,-5.03
1668424089.70,80,-2.15,-2.05,-nan,-nan
1668424089.70,80,-0.07,-0.98,7.15,-3.19
1668424089.70,80,2.09,-1.35,5.84,4.88
1668424089.70,80,3.97,-1.76,7.15,-3.20
1668424089.70,80,5.60,-2.08,7.14,-3.00
1668424089.70,80,-1.89,-3.09,1.68,-5.92
1668424089.70,80,-0.28,-3.04,5.15,-4.63
1668424089.70,80,2.06,-3.17,3.84,-0.11
1668424089.70,80,4.88,-2.81,7.15,-3.13
1668424089.70,80,6.60,-2.23,7.14,-3.07
1668424089.70,80,-2.42,-4.70,7.19,-4.17
1668424089.70,80,-0.69,-4.50,-nan,-nan
1668424089.70,80,1.67,-4.41,4.00,-3.07
1668424089.70,80,3.96,-5.02,7.15,-3.13
1668424089.70,80,5.74,-4.87,7.15,-3.12
1668424089.70,80,6.69,-3.95,7.14,-3.13
1668424089.70,80,-2.15,-6.27,7.19,-4.16
1668424089.70,80,0.11,-6.07,7.18,-4.04
1668424089.70,80,2.15,-6.06,7.15,-3.12
1668424089.70,80,3.81,-5.48,7.14,-3.13
1668424089.70,80,6.94,-6.22,7.15,-3.14
1668424089.70,80,-1.95,-8.01,-1.64,-10.06
1668424089.70,80,-0.37,-7.74,7.19,-3.93
1668424089.70,80,1.26,-7.95,4.28,-7.12
1668424089.70,80,3.46,-7.91,4.30,-7.17
1668424089.70,80,5.29,-7.77,7.15,-3.19
1668424089.70,80,6.62,-7.85,7.15,-3.13
1668424089.70,80,-2.14,-9.32,1.46,-10.05
1668424089.70,80,-0.48,-9.33,3.37,-9.98
1668424089.70,80,1.33,-8.87,3.66,-9.97
1668424089.70,80,3.71,-9.70,3.97,-9.96
1668424089.70,80,-0.60,-10.01,3.37,-9.98
1668424089.70,80,5.18,-9.42,4.00,-9.95
1668424089.70,80,7.35,-9.10,-nan,-nan
1668424089.70,80,7.35,-9.10,-nan,-nan
1668424089.70,90,-2.76,4.21,3.62,4.98
1668424089.70,90,-0.75,3.96,3.59,4.97
1668424089.70,90,1.10,4.31,3.62,4.97
1668424089.70,90,3.42,4.45,5.87,4.86
1668424089.70,90,5.17,4.86,5.86,4.87
1668424089.70,90,-2.87,2.51,-2.65,-4.33
1668424089.70,90,-1.24,2.83,3.62,4.98
1668424089.70,90,1.44,2.83,3.59,4.97
1668424089.70,90,3.24,3.18,5.86,4.87
1668424089.70,90,4.46,3.17,3.73,0.63
1668424089.70,90,5.56,3.97,6.80,3.40
1668424089.70,90,5.53,0.98,7.10,0.74
1668424089.70,90,2.56,0.74,3.84,-0.11
1668424089.70,90,-0.38,0.18,-nan,-nan
1668424089.70,90,-2.41,0.76,-nan,-nan
1668424089.70,90,-2.15,-2.05,-nan,-nan
1668424089.70,90,-0.07,-0.98,-nan,-nan
1668424089.70,90,2.09,-1.35,3.90,-0.85
1668424089.70,90,3.97,-1.76,3.94,-1.01
1668424089.70,90,5.60,-2.08,7.07,-1.72
1668424089.70,90,-1.89,-3.09,7.19,-4.17
1668424089.70,90,-0.28,-3.04,-nan,-nan
1668424089.70,90,2.06,-3.17,3.92,-0.95
1668424089.70,90,4.88,-2.81,7.15,-3.13
1668424089.70,90,6.60,-2.23,7.07,-1.79
1668424089.70,90,-2.42,-4.70,-nan,-nan
1668424089.70,90,-0.69,-4.50,-nan,-nan
1668424089.70,90,1.67,-4.41,-nan,-nan
1668424089.70,90,3.96,-5.02,4.13,-4.98
1668424089.70,90,5.74,-4.87,7.15,-3.13
1668424089.70,90,6.69,-3.95,7.15,-3.13
1668424089.70,90,-2.15,-6.27,-nan,-nan
1668424089.70,90,0.11,-6.07,7.17,-3.54
1668424089.70,90,2.15,-6.06,4.19,-5.95
1668424089.70,90,3.81,-5.48,4.22,-5.49
1668424089.70,90,6.94,-6.22,7.15,-3.19
1668424089.70,90,-1.95,-8.01,-nan,-nan
1668424089.70,90,-0.37,-7.74,-nan,-nan
1668424089.70,90,1.26,-7.95,4.27,-7.13
1668424089.70,90,3.46,-7.91,4.28,-7.12
1668424089.70,90,5.29,-7.77,7.14,-3.12
1668424089.70,90,6.62,-7.85,7.50,-7.26
1668424089.70,90,-2.14,-9.32,3.35,-9.98
1668424089.70,90,-0.48,-9.33,3.63,-9.97
1668424089.70,90,1.33,-8.87,3.91,-9.96
1668424089.70,90,3.71,-9.70,3.96,-9.96
1668424089.70,90,-0.60,-10.01,3.64,-9.97
1668424089.70,90,5.18,-9.42,4.55,-9.93
1668424089.70,90,7.35,-9.10,-nan,-nan
1668424089.70,90,7.35,-9.10,-nan,-nan
1668424089.70,100,-2.76,4.21,3.62,4.98
1668424089.70,100,-0.75,3.96,3.60,4.98
1668424089.70,100,1.10,4.31,3.62,4.98
1668424089.70,100,3.42,4.45,5.86,4.87
1668424089.70,100,5.17,4.86,5.86,4.87
1668424089.70,100,-2.87,2.51,-nan,-nan
1668424089.70,100,-1.24,2.83,3.63,4.98
1668424089.70,100,1.44,2.83,3.62,4.98
1668424089.70,100,3.24,3.18,5.87,4.86
1668424089.70,100,4.46,3.17,5.87,4.86
1668424089.70,100,5.56,3.97,5.87,4.87
1668424089.70,100,5.53,0.98,3.73,0.63
1668424089.70,100,2.56,0.74,3.84,-0.11
1668424089.70,100,-0.38,0.18,3.87,-0.27
1668424089.70,100,-2.41,0.76,-nan,-nan
1668424089.70,100,-2.15,-2.05,-nan,-nan
1668424089.70,100,-0.07,-0.98,3.94,-1.01
1668424089.70,100,2.09,-1.35,3.90,-0.75
1668424089.70,100,3.97,-1.76,3.90,-0.86
1668424089.70,100,5.60,-2.08,3.91,-1.02
1668424089.70,100,-1.89,-3.09,7.19,-4.17
1668424089.70,100,-0.28,-3.04,-nan,-nan
1668424089.70,100,2.06,-3.17,3.97,-2.52
1668424089.70,100,4.88,-2.81,3.94,-1.01
1668424089.70,100,6.60,-2.23,7.16,-0.11
1668424089.70,100,-2.42,-4.70,-nan,-nan
1668424089.70,100,-0.69,-4.50,7.19,-4.17
1668424089.70,100,1.67,-4.41,4.06,-4.20
1668424089.70,100,3.96,-5.02,4.06,-4.36
1668424089.70,100,5.74,-4.87,4.05,-4.11
1668424089.70,100,6.69,-3.95,7.09,-2.08
1668424089.70,100,-2.15,-6.27,1.59,-10.05
1668424089.70,100,0.11,-6.07,3.66,-9.97
1668424089.70,100,2.15,-6.06,4.18,-6.12
1668424089.70,100,3.81,-5.48,4.14,-5.10
1668424089.70,100,6.94,-6.22,7.15,-3.20
1668424089.70,100,-1.95,-8.01,-nan,-nan
1668424089.70,100,-0.37,-7.74,-nan,-nan
1668424089.70,100,1.26,-7.95,4.36,-9.94
1668424089.70,100,3.46,-7.91,4.28,-7.12
1668424089.70,100,5.29,-7.77,4.28,-7.12
1668424089.70,100,6.62,-7.85,7.57,-7.21
1668424089.70,100,-2.14,-9.32,-nan,-nan
1668424089.70,100,-0.48,-9.33,3.83,-9.96
1668424089.70,100,1.33,-8.87,3.99,-9.95
1668424089.70,100,3.71,-9.70,4.74,-9.92
1668424089.70,100,-0.60,-10.01,3.94,-9.96
1668424089.70,100,5.18,-9.42,-nan,-nan
1668424089.70,100,7.35,-9.10,-nan,-nan
1668424089.70,100,7.35,-9.10,-nan,-nan
1668424089.70,110,-2.76,4.21,3.62,4.98
1668424089.70,110,-0.75,3.96,3.62,4.98
1668424089.70,110,1.10,4.31,3.59,4.97
1668424089.70,110,3.42,4.45,5.78,4.89
1668424089.70,110,5.17,4.86,5.87,4.86
1668424089.70,110,-2.87,2.51,-nan,-nan
1668424089.70,110,-1.24,2.83,3.62,4.98
1668424089.70,110,1.44,2.83,3.65,4.97
1668424089.70,110,3.24,3.18,3.65,4.97
1668424089.70,110,4.46,3.17,5.77,4.89
1668424089.70,110,5.56,3.97,5.86,4.87
1668424089.70,110,5.53,0.98,3.73,0.63
1668424089.70,110,2.56,0.74,3.73,0.63
1668424089.70,110,-0.38,0.18,3.84,-0.11
1668424089.70,110,-2.41,0.76,-nan,-nan
1668424089.70,110,-2.15,-2.05,-nan,-nan
1668424089.70,110,-0.07,-0.98,4.04,-3.55
1668424089.70,110,2.09,-1.35,3.84,-0.11
1668424089.70,110,3.97,-1.76,3.87,-0.27
1668424089.70,110,5.60,-2.08,3.90,-0.76
1668424089.70,110,-1.89,-3.09,-nan,-nan
1668424089.70,110,-0.28,-3.04,7.15,-3.12
1668424089.70,110,2.06,-3.17,3.94,-1.02
1668424089.70,110,4.88,-2.81,3.91,-1.02
1668424089.70,110,6.60,-2.23,7.10,0.75
1668424089.70,110,-2.42,-4.70,-nan,-nan
1668424089.70,110,-0.69,-4.50,3.51,-9.98
1668424089.70,110,1.67,-4.41,3.98,-2.79
1668424089.70,110,3.96,-5.02,4.02,-3.54
1668424089.70,110,5.74,-4.87,4.01,-3.31
1668424089.70,110,6.69,-3.95,7.15,-0.11
1668424089.70,110,-2.15,-6.27,3.73,-9.97
1668424089.70,110,0.11,-6.07,4.06,-9.95
1668424089.70,110,2.15,-6.06,4.14,-4.99
1668424089.70,110,3.81,-5.48,4.05,-4.11
1668424089.70,110,6.94,-6.22,7.13,-2.81
1668424089.70,110,-1.95,-8.01,3.69,-9.97
1668424089.70,110,-0.37,-7.74,-nan,-nan
1668424089.70,110,1.26,-7.95,4.26,-7.12
1668424089.70,110,3.46,-7.91,4.26,-7.12
1668424089.70,110,5.29,-7.77,4.26,-7.12
1668424089.70,110,6.62,-7.85,7.15,-3.13
1668424089.70,110,-2.14,-9.32,3.98,-9.96
1668424089.70,110,-0.48,-9.33,-nan,-nan
1668424089.70,110,1.33,-8.87,4.67,-9.92
1668424089.70,110,3.71,-9.70,-nan,-nan
1668424089.70,110,-0.60,-10.01,3.86,-9.96
1668424089.70,110,5.18,-9.42,-nan,-nan
1668424089.70,110,7.35,-9.10,-nan,-nan
1668424089.70,110,7.35,-9.10,-nan,-nan
1668424089.70,120,-2.76,4.21,3.62,4.98
1668424089.70,120,-0.75,3.96,3.62,4.98
1668424089.70,120,1.10,4.31,3.60,4.98
1668424089.70,120,3.42,4.45,3.59,4.97
1668424089.70,120,5.17,4.86,5.86,4.87
1668424089.70,120,-2.87,2.51,-nan,-nan
1668424089.70,120,-1.24,2.83,-nan,-nan
1668424089.70,120,1.44,2.83,3.97,0.34
1668424089.70,120,3.24,3.18,3.59,4.97
1668424089.70,120,4.46,3.17,3.65,4.97
1668424089.70,120,5.56,3.97,5.86,4.87
1668424089.70,120,5.53,0.98,3.05,0.54
1668424089.70,120,2.56,0.74,3.05,0.54
1668424089.70,120,-0.38,0.18,3.87,-0.27
1668424089.70,120,-2.41,0.76,-nan,-nan
1668424089.70,120,-2.15,-2.05,7.16,-3.34
1668424089.70,120,-0.07,-0.98,3.07,0.56
1668424089.70,120,2.09,-1.35,3.12,0.56
1668424089.70,120,3.97,-1.76,3.15,0.52
1668424089.70,120,5.60,-2.08,3.15,0.50
1668424089.70,120,-1.89,-3.09,-nan,-nan
1668424089.70,120,-0.28,-3.04,4.04,-3.87
1668424089.70,120,2.06,-3.17,3.36,0.05
1668424089.70,120,4.88,-2.81,3.18,0.39
1668424089.70,120,6.60,-2.23,3.15,0.49
1668424089.70,120,-2.42,-4.70,3.65,-9.97
1668424089.70,120,-0.69,-4.50,3.96,-9.96
1668424089.70,120,1.67,-4.41,3.94,-1.01
1668424089.70,120,3.96,-5.02,3.97,-2.55
1668424089.70,120,5.74,-4.87,3.96,-2.47
1668424089.70,120,6.69,-3.95,3.16,0.45
1668424089.70,120,-2.15,-6.27,4.08,-9.95
1668424089.70,120,0.11,-6.07,4.05,-4.15
1668424089.70,120,2.15,-6.06,4.02,-3.61
1668424089.70,120,3.81,-5.48,3.99,-2.96
1668424089.70,120,6.94,-6.22,7.10,-1.52
1668424089.70,120,-1.95,-8.01,4.12,-9.94
1668424089.70,120,-0.37,-7.74,-nan,-nan
1668424089.70,120,1.26,-7.95,4.18,-6.10
1668424089.70,120,3.46,-7.91,4.18,-5.98
1668424089.70,120,5.29,-7.77,4.18,-5.96
1668424089.70,120,6.62,-7.85,7.10,-2.36
1668424089.70,120,-2.14,-9.32,3.87,-9.96
1668424089.70,120,-0.48,-9.33,4.70,-9.92
1668424089.70,120,1.33,-8.87,-nan,-nan
1668424089.70,120,3.71,-9.70,-nan,-nan
1668424089.70,120,-0.60,-10.01,4.64,-9.93
1668424089.70,120,5.18,-9.42,-nan,-nan
1668424089.70,120,7.35,-9.10,-nan,-nan
1668424089.70,120,7.35,-9.10,-nan,-nan
1668424089.70,130,-2.76,4.21,3.48,5.00
1668424089.70,130,-0.75,3.96,3.62,4.98
1668424089.70,130,1.10,4.31,3.62,4.98
1668424089.70,130,3.42,4.45,3.59,4.97
1668424089.70,130,5.17,4.86,5.77,4.89
1668424089.70,130,-2.87,2.51,2.46,4.97
1668424089.70,130,-1.24,2.83,3.62,4.98
1668424089.70,130,1.44,2.83,3.97,0.34
1668424089.70,130,3.24,3.18,3.97,0.34
1668424089.70,130,4.46,3.17,3.97,0.34
1668424089.70,130,5.56,3.97,5.77,4.89
1668424089.70,130,5.53,0.98,3.06,0.60
1668424089.70,130,2.56,0.74,3.11,0.58
1668424089.70,130,-0.38,0.18,3.97,0.34
1668424089.70,130,-2.41,0.76,1.01,5.00
1668424089.70,130,-2.15,-2.05,-nan,-nan
1668424089.70,130,-0.07,-0.98,3.04,0.55
1668424089.70,130,2.09,-1.35,3.11,0.58
1668424089.70,130,3.97,-1.76,3.08,0.56
1668424089.70,130,5.60,-2.08,3.12,0.57
1668424089.70,130,-1.89,-3.09,4.03,-3.79
1668424089.70,130,-0.28,-3.04,3.06,0.61
1668424089.70,130,2.06,-3.17,3.13,0.55
1668424089.70,130,4.88,-2.81,3.12,0.56
1668424089.70,130,6.60,-2.23,3.11,0.57
1668424089.70,130,-2.42,-4.70,-nan,-nan
1668424089.70,130,-0.69,-4.50,3.08,0.56
1668424089.70,130,1.67,-4.41,3.15,0.52
1668424089.70,130,3.96,-5.02,3.16,0.51
1668424089.70,130,5.74,-4.87,3.16,0.51
1668424089.70,130,6.69,-3.95,3.15,0.52
1668424089.70,130,-2.15,-6.27,-nan,-nan
1668424089.70,130,0.11,-6.07,3.15,0.52
1668424089.70,130,2.15,-6.06,3.15,0.49
1668424089.70,130,3.81,-5.48,3.15,0.50
1668424089.70,130,6.94,-6.22,3.15,0.48
1668424089.70,130,-1.95,-8.01,-nan,-nan
1668424089.70,130,-0.37,-7.74,3.11,0.57
1668424089.70,130,1.26,-7.95,3.18,0.39
1668424089.70,130,3.46,-7.91,3.40,-8.21
1668424089.70,130,5.29,-7.77,3.40,-8.21
1668424089.70,130,6.62,-7.85,-nan,-nan
1668424089.70,130,-2.14,-9.32,5.30,-9.92
1668424089.70,130,-0.48,-9.33,-nan,-nan
1668424089.70,130,1.33,-8.87,-nan,-nan
1668424089.70,130,3.71,-9.70,-nan,-nan
1668424089.70,130,-0.60,-10.01,-nan,-nan
1668424089.70,130,5.18,-9.42,-nan,-nan
1668424089.70,130,7.35,-9.10,-nan,-nan
1668424089.70,130,7.35,-9.10,-nan,-nan
1668424089.70,140,-2.76,4.21,2.47,4.97
1668424089.70,140,-0.75,3.96,3.62,4.98
1668424089.70,140,1.10,4.31,3.62,4.98
1668424089.70,140,3.42,4.45,3.62,4.98
1668424089.70,140,5.17,4.86,3.62,4.98
1668424089.70,140,-2.87,2.51,1.23,5.01
1668424089.70,140,-1.24,2.83,3.62,4.98
1668424089.70,140,1.44,2.83,3.87,0.41
1668424089.70,140,3.24,3.18,3.97,0.34
1668424089.70,140,4.46,3.17,3.97,0.34
1668424089.70,140,5.56,3.97,3.59,4.97
1668424089.70,140,5.53,0.98,3.97,0.34
1668424089.70,140,2.56,0.74,3.97,0.34
1668424089.70,140,-0.38,0.18,3.09,1.87
1668424089.70,140,-2.41,0.76,-3.18,4.15
1668424089.70,140,-2.15,-2.05,-2.91,-0.04
1668424089.70,140,-0.07,-0.98,3.97,0.34
1668424089.70,140,2.09,-1.35,3.04,0.55
1668424089.70,140,3.97,-1.76,3.05,0.54
1668424089.70,140,5.60,-2.08,3.07,0.56
1668424089.70,140,-1.89,-3.09,-19.76,-0.44
1668424089.70,140,-0.28,-3.04,3.05,0.63
1668424089.70,140,2.06,-3.17,3.08,0.56
1668424089.70,140,4.88,-2.81,3.08,0.56
1668424089.70,140,6.60,-2.23,3.07,0.56
1668424089.70,140,-2.42,-4.70,-nan,-nan
1668424089.70,140,-0.69,-4.50,-2.91,-0.04
1668424089.70,140,1.67,-4.41,3.12,0.57
1668424089.70,140,3.96,-5.02,3.14,0.54
1668424089.70,140,5.74,-4.87,3.14,0.54
1668424089.70,140,6.69,-3.95,3.12,0.57
1668424089.70,140,-2.15,-6.27,-2.69,-3.90
1668424089.70,140,0.11,-6.07,-2.91,-0.04
1668424089.70,140,2.15,-6.06,3.14,0.53
1668424089.70,140,3.81,-5.48,3.14,0.53
1668424089.70,140,6.94,-6.22,3.29,-8.20
1668424089.70,140,-1.95,-8.01,-nan,-nan
1668424089.70,140,-0.37,-7.74,3.12,0.55
1668424089.70,140,1.26,-7.95,3.10,-8.13
1668424089.70,140,3.46,-7.91,3.41,-8.19
1668424089.70,140,5.29,-7.77,3.48,-8.21
1668424089.70,140,6.62,-7.85,-nan,-nan
1668424089.70,140,-2.14,-9.32,-nan,-nan
1668424089.70,140,-0.48,-9.33,-nan,-nan
1668424089.70,140,1.33,-8.87,-nan,-nan
1668424089.70,140,3.71,-9.70,-nan,-nan
1668424089.70,140,-0.60,-10.01,-nan,-nan
1668424089.70,140,5.18,-9.42,-nan,-nan
1668424089.70,140,7.35,-9.10,-nan,-nan
1668424089.70,140,7.35,-9.10,-nan,-nan
1668424089.70,150,-2.76,4.21,1.00,5.00
1668424089.70,150,-0.75,3.96,3.21,4.98
1668424089.70,150,1.10,4.31,3.62,4.98
1668424089.70,150,3.42,4.45,3.62,4.98
1668424089.70,150,5.17,4.86,5.77,4.89
1668424089.70,150,-2.87,2.51,-1.16,4.80
1668424089.70,150,-1.24,2.83,3.53,5.00
1668424089.70,150,1.44,2.83,3.05,0.63
1668424089.70,150,3.24,3.18,3.05,0.63
1668424089.70,150,4.46,3.17,3.70,0.56
1668424089.70,150,5.56,3.97,3.62,4.98
1668424089.70,150,5.53,0.98,3.97,0.34
1668424089.70,150,2.56,0.74,3.97,0.34
1668424089.70,150,-0.38,0.18,1.16,5.00
1668424089.70,150,-2.41,0.76,-3.17,4.14
1668424089.70,150,-2.15,-2.05,-nan,-nan
1668424089.70,150,-0.07,-0.98,3.08,1.92
1668424089.70,150,2.09,-1.35,3.05,0.63
1668424089.70,150,3.97,-1.76,3.03,0.57
1668424089.70,150,5.60,-2.08,3.04,0.55
1668424089.70,150,-1.89,-3.09,-nan,-nan
1668424089.70,150,-0.28,-3.04,1.06,1.02
1668424089.70,150,2.06,-3.17,3.05,0.63
1668424089.70,150,4.88,-2.81,3.05,0.54
1668424089.70,150,6.60,-2.23,7.15,-3.26
1668424089.70,150,-2.42,-4.70,-2.91,-0.04
1668424089.70,150,-0.69,-4.50,-2.91,-0.04
1668424089.70,150,1.67,-4.41,3.05,0.63
1668424089.70,150,3.96,-5.02,3.08,0.55
1668424089.70,150,5.74,-4.87,3.08,0.56
1668424089.70,150,6.69,-3.95,7.17,-3.54
1668424089.70,150,-2.15,-6.27,-nan,-nan
1668424089.70,150,0.11,-6.07,-2.85,-0.95
1668424089.70,150,2.15,-6.06,3.12,0.57
1668424089.70,150,3.81,-5.48,3.11,0.58
1668424089.70,150,6.94,-6.22,3.13,0.56
1668424089.70,150,-1.95,-8.01,-nan,-nan
1668424089.70,150,-0.37,-7.74,-nan,-nan
1668424089.70,150,1.26,-7.95,3.12,-8.16
1668424089.70,150,3.46,-7.91,3.12,-8.16
1668424089.70,150,5.29,-7.77,-nan,-nan
1668424089.70,150,6.62,-7.85,24.88,-5.44
1668424089.70,150,-2.14,-9.32,-nan,-nan
1668424089.70,150,-0.48,-9.33,-nan,-nan
1668424089.70,150,1.33,-8.87,-nan,-nan
1668424089.70,150,3.71,-9.70,-nan,-nan
1668424089.70,150,-0.60,-10.01,-nan,-nan
1668424089.70,150,5.18,-9.42,-nan,-nan
1668424089.70,150,7.35,-9.10,-nan,-nan
1668424089.70,150,7.35,-9.10,-nan,-nan
1668424089.70,160,-2.76,4.21,1.01,5.00
1668424089.70,160,-0.75,3.96,1.90,4.96
1668424089.70,160,1.10,4.31,3.59,4.99
1668424089.70,160,3.42,4.45,3.62,4.98
1668424089.70,160,5.17,4.86,5.77,4.89
1668424089.70,160,-2.87,2.51,-3.18,4.14
1668424089.70,160,-1.24,2.83,1.23,5.01
1668424089.70,160,1.44,2.83,2.97,1.94
1668424089.70,160,3.24,3.18,3.11,1.90
1668424089.70,160,4.46,3.17,3.11,1.90
1668424089.70,160,5.56,3.97,5.77,4.89
1668424089.70,160,5.53,0.98,3.97,0.34
1668424089.70,160,2.56,0.74,3.05,0.63
1668424089.70,160,-0.38,0.18,1.89,1.29
1668424089.70,160,-2.41,0.76,-2.91,-0.04
1668424089.70,160,-2.15,-2.05,-2.91,-0.04
1668424089.70,160,-0.07,-0.98,0.70,0.89
1668424089.70,160,2.09,-1.35,3.05,0.63
1668424089.70,160,3.97,-1.76,3.05,0.63
1668424089.70,160,5.60,-2.08,3.05,0.63
1668424089.70,160,-1.89,-3.09,-2.91,-0.03
1668424089.70,160,-0.28,-3.04,-2.91,-0.03
1668424089.70,160,2.06,-3.17,1.84,1.28
1668424089.70,160,4.88,-2.81,3.05,0.63
1668424089.70,160,6.60,-2.23,7.14,-3.02
1668424089.70,160,-2.42,-4.70,-10.81,-0.49
1668424089.70,160,-0.69,-4.50,-2.88,-0.46
1668424089.70,160,1.67,-4.41,1.84,1.28
1668424089.70,160,3.96,-5.02,3.05,0.54
1668424089.70,160,5.74,-4.87,3.04,0.55
1668424089.70,160,6.69,-3.95,7.16,-3.32
1668424089.70,160,-2.15,-6.27,-nan,-nan
1668424089.70,160,0.11,-6.07,-nan,-nan
1668424089.70,160,2.15,-6.06,1.86,1.28
1668424089.70,160,3.81,-5.48,3.05,0.63
1668424089.70,160,6.94,-6.22,7.20,-3.68
1668424089.70,160,-1.95,-8.01,5.72,-9.91
1668424089.70,160,-0.37,-7.74,-nan,-nan
1668424089.70,160,1.26,-7.95,-2.40,-9.97
1668424089.70,160,3.46,-7.91,3.37,-8.16
1668424089.70,160,5.29,-7.77,3.12,0.55
1668424089.70,160,6.62,-7.85,-nan,-nan
1668424089.70,160,-2.14,-9.32,5.72,-9.91
1668424089.70,160,-0.48,-9.33,-nan,-nan
1668424089.70,160,1.33,-8.87,-nan,-nan
1668424089.70,160,3.71,-9.70,-nan,-nan
1668424089.70,160,-0.60,-10.01,-nan,-nan
1668424089.70,160,5.18,-9.42,-nan,-nan
1668424089.70,160,7.35,-9.10,-nan,-nan
1668424089.70,160,7.35,-9.10,-nan,-nan
1668424089.70,170,-2.76,4.21,-3.18,4.14
1668424089.70,170,-0.75,3.96,1.23,5.01
1668424089.70,170,1.10,4.31,3.04,4.97
1668424089.70,170,3.42,4.45,3.62,4.98
1668424089.70,170,5.17,4.86,-nan,-nan
1668424089.70,170,-2.87,2.51,-3.18,4.16
1668424089.70,170,-1.24,2.83,1.84,1.28
1668424089.70,170,1.44,2.83,2.97,1.99
1668424089.70,170,3.24,3.18,2.97,1.94
1668424089.70,170,4.46,3.17,2.98,1.93
1668424089.70,170,5.56,3.97,5.77,4.89
1668424089.70,170,5.53,0.98,-nan,-nan
1668424089.70,170,2.56,0.74,3.11,1.91
1668424089.70,170,-0.38,0.18,0.69,0.87
1668424089.70,170,-2.41,0.76,-2.91,-0.03
1668424089.70,170,-2.15,-2.05,-nan,-nan
1668424089.70,170,-0.07,-0.98,0.69,0.87
1668424089.70,170,2.09,-1.35,1.94,1.33
1668424089.70,170,3.97,-1.76,3.05,0.63
1668424089.70,170,5.60,-2.08,3.05,0.63
1668424089.70,170,-1.89,-3.09,-2.91,-0.07
1668424089.70,170,-0.28,-3.04,-2.91,-0.03
1668424089.70,170,2.06,-3.17,-2.91,-0.04
1668424089.70,170,4.88,-2.81,3.05,0.63
1668424089.70,170,6.60,-2.23,7.14,-3.01
1668424089.70,170,-2.42,-4.70,-nan,-nan
1668424089.70,170,-0.69,-4.50,-2.86,-0.79
1668424089.70,170,1.67,-4.41,-2.83,-1.36
1668424089.70,170,3.96,-5.02,3.17,0.45
1668424089.70,170,5.74,-4.87,7.15,-3.17
1668424089.70,170,6.69,-3.95,7.14,-3.01
1668424089.70,170,-2.15,-6.27,-nan,-nan
1668424089.70,170,0.11,-6.07,-nan,-nan
1668424089.70,170,2.15,-6.06,-2.82,-1.41
1668424089.70,170,3.81,-5.48,3.05,0.63
1668424089.70,170,6.94,-6.22,7.16,-3.49
1668424089.70,170,-1.95,-8.01,-nan,-nan
1668424089.70,170,-0.37,-7.74,-nan,-nan
1668424089.70,170,1.26,-7.95,-nan,-nan
1668424089.70,170,3.46,-7.91,-nan,-nan
1668424089.70,170,5.29,-7.77,7.18,-3.84
1668424089.70,170,6.62,-7.85,-nan,-nan
1668424089.70,170,-2.14,-9.32,-nan,-nan
1668424089.70,170,-0.48,-9.33,-nan,-nan
1668424089.70,170,1.33,-8.87,-nan,-nan
1668424089.70,170,3.71,-9.70,-nan,-nan
1668424089.70,170,-0.60,-10.01,-nan,-nan
1668424089.70,170,5.18,-9.42,-nan,-nan
1668424089.70,170,7.35,-9.10,-nan,-nan
1668424089.70,170,7.35,-9.10,-nan,-nan
1668424089.70,180,-2.76,4.21,-3.18,4.16
1668424089.70,180,-0.75,3.96,1.28,5.01
1668424089.70,180,1.10,4.31,1.22,5.01
1668424089.70,180,3.42,4.45,3.59,4.99
1668424089.70,180,5.17,4.86,-nan,-nan
1668424089.70,180,-2.87,2.51,-2.91,-0.03
1668424089.70,180,-1.24,2.83,0.69,0.87
1668424089.70,180,1.44,2.83,2.12,1.40
1668424089.70,180,3.24,3.18,3.08,1.92
1668424089.70,180,4.46,3.17,3.78,1.28
1668424089.70,180,5.56,3.97,-nan,-nan
1668424089.70,180,5.53,0.98,-nan,-nan
1668424089.70,180,2.56,0.74,3.12,1.91
1668424089.70,180,-0.38,0.18,0.58,0.84
1668424089.70,180,-2.41,0.76,-2.91,-0.03
1668424089.70,180,-2.15,-2.05,-2.91,-0.03
1668424089.70,180,-0.07,-0.98,0.70,0.90
1668424089.70,180,2.09,-1.35,1.25,1.08
1668424089.70,180,3.97,-1.76,4.27,-0.37
1668424089.70,180,5.60,-2.08,7.11,-2.66
1668424089.70,180,-1.89,-3.09,-2.88,-0.46
1668424089.70,180,-0.28,-3.04,-2.91,-0.07
1668424089.70,180,2.06,-3.17,-2.86,-0.76
1668424089.70,180,4.88,-2.81,0.30,-1.15
1668424089.70,180,6.60,-2.23,7.12,-2.78
1668424089.70,180,-2.42,-4.70,-2.81,-1.61
1668424089.70,180,-0.69,-4.50,-2.82,-1.43
1668424089.70,180,1.67,-4.41,-2.83,-1.36
1668424089.70,180,3.96,-5.02,-nan,-nan
1668424089.70,180,5.74,-4.87,7.13,-2.95
1668424089.70,180,6.69,-3.95,7.13,-2.96
1668424089.70,180,-2.15,-6.27,-nan,-nan
1668424089.70,180,0.11,-6.07,-2.81,-1.62
1668424089.70,180,2.15,-6.06,-2.80,-1.74
1668424089.70,180,3.81,-5.48,-nan,-nan
1668424089.70,180,6.94,-6.22,7.14,-3.24
1668424089.70,180,-1.95,-8.01,-nan,-nan
1668424089.70,180,-0.37,-7.74,-nan,-nan
1668424089.70,180,1.26,-7.95,-nan,-nan
1668424089.70,180,3.46,-7.91,-nan,-nan
1668424089.70,180,5.29,-7.77,-nan,-nan
1668424089.70,180,6.62,-7.85,-nan,-nan
1668424089.70,180,-2.14,-9.32,-nan,-nan
1668424089.70,180,-0.48,-9.33,-nan,-nan
1668424089.70,180,1.33,-8.87,-nan,-nan
1668424089.70,180,3.71,-9.70,-nan,-nan
1668424089.70,180,-0.60,-10.01,-nan,-nan
1668424089.70,180,5.18,-9.42,-nan,-nan
1668424089.70,180,7.35,-9.10,-nan,-nan
1668424089.70,180,7.35,-9.10,-nan,-nan
1668424089.70,190,-2.76,4.21,-3.18,4.16
1668424089.70,190,-0.75,3.96,-1.21,4.80
1668424089.70,190,1.10,4.31,1.23,5.01
1668424089.70,190,3.42,4.45,3.29,4.98
1668424089.70,190,5.17,4.86,-nan,-nan
1668424089.70,190,-2.87,2.51,-2.91,-0.04
1668424089.70,190,-1.24,2.83,-2.91,-0.04
1668424089.70,190,1.44,2.83,1.06,1.02
1668424089.70,190,3.24,3.18,3.75,1.27
1668424089.70,190,4.46,3.17,3.75,1.27
1668424089.70,190,5.56,3.97,-nan,-nan
1668424089.70,190,5.53,0.98,-nan,-nan
1668424089.70,190,2.56,0.74,3.75,1.27
1668424089.70,190,-0.38,0.18,0.70,0.89
1668424089.70,190,-2.41,0.76,-2.91,-0.04
1668424089.70,190,-2.15,-2.05,-2.91,-0.06
1668424089.70,190,-0.07,-0.98,0.68,0.87
1668424089.70,190,2.09,-1.35,-2.91,-0.06
1668424089.70,190,3.97,-1.76,0.30,-1.15
1668424089.70,190,5.60,-2.08,7.05,-1.33
1668424089.70,190,-1.89,-3.09,-2.86,-0.84
1668424089.70,190,-0.28,-3.04,-2.86,-0.73
1668424089.70,190,2.06,-3.17,-nan,-nan
1668424089.70,190,4.88,-2.81,7.07,-1.79
1668424089.70,190,6.60,-2.23,7.07,-1.83
1668424089.70,190,-2.42,-4.70,-nan,-nan
1668424089.70,190,-0.69,-4.50,-2.80,-1.81
1668424089.70,190,1.67,-4.41,-nan,-nan
1668424089.70,190,3.96,-5.02,4.27,-0.37
1668424089.70,190,5.74,-4.87,7.14,-3.01
1668424089.70,190,6.69,-3.95,7.13,-2.90
1668424089.70,190,-2.15,-6.27,-nan,-nan
1668424089.70,190,0.11,-6.07,-nan,-nan
1668424089.70,190,2.15,-6.06,-2.80,-1.73
1668424089.70,190,3.81,-5.48,5.10,-1.29
1668424089.70,190,6.94,-6.22,-nan,-nan
1668424089.70,190,-1.95,-8.01,-nan,-nan
1668424089.70,190,-0.37,-7.74,-nan,-nan
1668424089.70,190,1.26,-7.95,7.21,-4.11
1668424089.70,190,3.46,-7.91,-nan,-nan
1668424089.70,190,5.29,-7.77,-nan,-nan
1668424089.70,190,6.62,-7.85,-nan,-nan
1668424089.70,190,-2.14,-9.32,-nan,-nan
1668424089.70,190,-0.48,-9.33,-nan,-nan
1668424089.70,190,1.33,-8.87,-nan,-nan
1668424089.70,190,3.71,-9.70,-nan,-nan
1668424089.70,190,-0.60,-10.01,-nan,-nan
1668424089.70,190,5.18,-9.42,-nan,-nan
1668424089.70,190,7.35,-9.10,-nan,-nan
1668424089.70,190,7.35,-9.10,-nan,-nan
1668424089.70,200,-2.76,4.21,-3.17,4.14
1668424089.70,200,-0.75,3.96,-3.18,4.16
1668424089.70,200,1.10,4.31,1.22,5.01
1668424089.70,200,3.42,4.45,1.23,5.01
1668424089.70,200,5.17,4.86,-nan,-nan
1668424089.70,200,-2.87,2.51,-2.91,-0.04
1668424089.70,200,-1.24,2.83,-2.91,-0.03
1668424089.70,200,1.44,2.83,3.73,1.27
1668424089.70,200,3.24,3.18,3.75,1.27
1668424089.70,200,4.46,3.17,3.75,1.27
1668424089.70,200,5.56,3.97,5.77,4.89
1668424089.70,200,5.53,0.98,3.75,1.27
1668424089.70,200,2.56,0.74,3.75,1.27
1668424089.70,200,-0.38,0.18,-0.54,0.42
1668424089.70,200,-2.41,0.76,-2.91,-0.04
1668424089.70,200,-2.15,-2.05,-2.87,-0.57
1668424089.70,200,-0.07,-0.98,-2.91,-0.04
1668424089.70,200,2.09,-1.35,0.30,-1.15
1668424089.70,200,3.97,-1.76,0.64,-1.14
1668424089.70,200,5.60,-2.08,1.36,-1.07
1668424089.70,200,-1.89,-3.09,-2.82,-1.42
1668424089.70,200,-0.28,-3.04,-2.83,-1.31
1668424089.70,200,2.06,-3.17,0.30,-1.15
1668424089.70,200,4.88,-2.81,-nan,-nan
1668424089.70,200,6.60,-2.23,-nan,-nan
1668424089.70,200,-2.42,-4.70,-2.80,-1.76
1668424089.70,200,-0.69,-4.50,-2.80,-1.76
1668424089.70,200,1.67,-4.41,0.30,-1.15
1668424089.70,200,3.96,-5.02,7.05,-1.32
1668424089.70,200,5.74,-4.87,7.01,0.09
1668424089.70,200,6.69,-3.95,7.07,-1.85
1668424089.70,200,-2.15,-6.27,-nan,-nan
1668424089.70,200,0.11,-6.07,-nan,-nan
1668424089.70,200,2.15,-6.06,0.29,-1.15
1668424089.70,200,3.81,-5.48,4.08,-0.34
1668424089.70,200,6.94,-6.22,-nan,-nan
1668424089.70,200,-1.95,-8.01,-nan,-nan
1668424089.70,200,-0.37,-7.74,-2.80,-1.74
1668424089.70,200,1.26,-7.95,7.17,-3.47
1668424089.70,200,3.46,-7.91,-nan,-nan
1668424089.70,200,5.29,-7.77,-nan,-nan
1668424089.70,200,6.62,-7.85,-nan,-nan
1668424089.70,200,-2.14,-9.32,-nan,-nan
1668424089.70,200,-0.48,-9.33,-nan,-nan
1668424089.70,200,1.33,-8.87,-nan,-nan
1668424089.70,200,3.71,-9.70,-nan,-nan
1668424089.70,200,-0.60,-10.01,-nan,-nan
1668424089.70,200,5.18,-9.42,-nan,-nan
1668424089.70,200,7.35,-9.10,-nan,-nan
1668424089.70,200,7.35,-9.10,-nan,-nan
1668424089.70,210,-2.76,4.21,-3.18,4.16
1668424089.70,210,-0.75,3.96,-2.91,-0.04
1668424089.70,210,1.10,4.31,-3.18,4.16
1668424089.70,210,3.42,4.45,1.23,5.01
1668424089.70,210,5.17,4.86,-nan,-nan
1668424089.70,210,-2.87,2.51,-2.91,-0.03
1668424089.70,210,-1.24,2.83,-2.91,-0.03
1668424089.70,210,1.44,2.83,3.12,1.08
1668424089.70,210,3.24,3.18,3.75,1.27
1668424089.70,210,4.46,3.17,3.75,1.27
1668424089.70,210,5.56,3.97,-nan,-nan
1668424089.70,210,5.53,0.98,-nan,-nan
1668424089.70,210,2.56,0.74,3.70,1.27
1668424089.70,210,-0.38,0.18,-2.91,-0.04
1668424089.70,210,-2.41,0.76,-2.91,-0.03
1668424089.70,210,-2.15,-2.05,-2.83,-1.34
1668424089.70,210,-0.07,-0.98,-0.22,-0.47
1668424089.70,210,2.09,-1.35,1.50,-1.07
1668424089.70,210,3.97,-1.76,1.69,-1.12
1668424089.70,210,5.60,-2.08,-nan,-nan
1668424089.70,210,-1.89,-3.09,-2.80,-1.74
1668424089.70,210,-0.28,-3.04,-2.83,-1.30
1668424089.70,210,2.06,-3.17,1.37,-1.07
1668424089.70,210,4.88,-2.81,1.70,-1.15
1668424089.70,210,6.60,-2.23,-nan,-nan
1668424089.70,210,-2.42,-4.70,-2.80,-1.73
1668424089.70,210,-0.69,-4.50,-2.80,-1.74
1668424089.70,210,1.67,-4.41,1.37,-1.07
1668424089.70,210,3.96,-5.02,1.69,-1.14
1668424089.70,210,5.74,-4.87,-nan,-nan
1668424089.70,210,6.69,-3.95,-nan,-nan
1668424089.70,210,-2.15,-6.27,-nan,-nan
1668424089.70,210,0.11,-6.07,-0.89,-1.27
1668424089.70,210,2.15,-6.06,1.37,-1.07
1668424089.70,210,3.81,-5.48,1.64,-1.10
1668424089.70,210,6.94,-6.22,-nan,-nan
1668424089.70,210,-1.95,-8.01,-nan,-nan
1668424089.70,210,-0.37,-7.74,7.07,-1.85
1668424089.70,210,1.26,-7.95,7.13,-2.90
1668424089.70,210,3.46,-7.91,7.09,-2.12
1668424089.70,210,5.29,-7.77,-nan,-nan
1668424089.70,210,6.62,-7.85,-nan,-nan
1668424089.70,210,-2.14,-9.32,-nan,-nan
1668424089.70,210,-0.48,-9.33,-nan,-nan
1668424089.70,210,1.33,-8.87,-nan,-nan
1668424089.70,210,3.71,-9.70,-nan,-nan
1668424089.70,210,-0.60,-10.01,-nan,-nan
1668424089.70,210,5.18,-9.42,-nan,-nan
1668424089.70,210,7.35,-9.10,-nan,-nan
1668424089.70,210,7.35,-9.10,-nan,-nan
1668424089.70,220,-2.76,4.21,-3.18,4.14
1668424089.70,220,-0.75,3.96,-nan,-nan
1668424089.70,220,1.10,4.31,-nan,-nan
1668424089.70,220,3.42,4.45,3.56,1.22
1668424089.70,220,5.17,4.86,-nan,-nan
1668424089.70,220,-2.87,2.51,-2.91,-0.04
1668424089.70,220,-1.24,2.83,-2.91,-0.03
1668424089.70,220,1.44,2.83,-0.53,0.42
1668424089.70,220,3.24,3.18,3.49,1.20
1668424089.70,220,4.46,3.17,3.75,1.27
1668424089.70,220,5.56,3.97,-nan,-nan
1668424089.70,220,5.53,0.98,3.75,1.27
1668424089.70,220,2.56,0.74,3.02,1.05
1668424089.70,220,-0.38,0.18,-2.91,-0.03
1668424089.70,220,-2.41,0.76,-2.91,-0.04
1668424089.70,220,-2.15,-2.05,-2.81,-1.67
1668424089.70,220,-0.07,-0.98,1.60,-1.11
1668424089.70,220,2.09,-1.35,1.65,-1.24
1668424089.70,220,3.97,-1.76,1.61,-1.17
1668424089.70,220,5.60,-2.08,-nan,-nan
1668424089.70,220,-1.89,-3.09,-2.80,-1.73
1668424089.70,220,-0.28,-3.04,0.41,-1.15
1668424089.70,220,2.06,-3.17,1.68,-1.21
1668424089.70,220,4.88,-2.81,1.62,-1.16
1668424089.70,220,6.60,-2.23,5.77,4.89
1668424089.70,220,-2.42,-4.70,-2.80,-1.74
1668424089.70,220,-0.69,-4.50,-2.82,-1.49
1668424089.70,220,1.67,-4.41,1.63,-1.15
1668424089.70,220,3.96,-5.02,1.61,-1.17
1668424089.70,220,5.74,-4.87,-nan,-nan
1668424089.70,220,6.69,-3.95,-nan,-nan
1668424089.70,220,-2.15,-6.27,-nan,-nan
1668424089.70,220,0.11,-6.07,-0.54,-1.26
1668424089.70,220,2.15,-6.06,1.65,-1.23
1668424089.70,220,3.81,-5.48,1.60,-1.17
1668424089.70,220,6.94,-6.22,-nan,-nan
1668424089.70,220,-1.95,-8.01,-nan,-nan
1668424089.70,220,-0.37,-7.74,-2.80,-1.74
1668424089.70,220,1.26,-7.95,-2.80,-1.75
1668424089.70,220,3.46,-7.91,1.62,-1.16
1668424089.70,220,5.29,-7.77,1.61,-1.17
1668424089.70,220,6.62,-7.85,-nan,-nan
1668424089.70,220,-2.14,-9.32,-nan,-nan
1668424089.70,220,-0.48,-9.33,-nan,-nan
1668424089.70,220,1.33,-8.87,-2.80,-1.77
1668424089.70,220,3.71,-9.70,-nan,-nan
1668424089.70,220,-0.60,-10.01,-2.27,-9.93
1668424089.70,220,5.18,-9.42,-nan,-nan
1668424089.70,220,7.35,-9.10,7.14,-3.03
1668424089.70,220,7.35,-9.10,7.14,-3.03
1668424089.70,230,-2.76,4.21,-3.18,4.17
1668424089.70,230,-0.75,3.96,-nan,-nan
1668424089.70,230,1.10,4.31,0.51,4.81
1668424089.70,230,3.42,4.45,5.77,4.80
1668424089.70,230,5.17,4.86,-nan,-nan
1668424089.70,230,-2.87,2.51,-2.91,-0.04
1668424089.70,230,-1.24,2.83,-2.91,-0.04
1668424089.70,230,1.44,2.83,-2.91,-0.04
1668424089.70,230,3.24,3.18,2.73,0.88
1668424089.70,230,4.46,3.17,3.47,1.19
1668424089.70,230,5.56,3.97,-nan,-nan
1668424089.70,230,5.53,0.98,3.75,1.27
1668424089.70,230,2.56,0.74,-0.54,0.42
1668424089.70,230,-0.38,0.18,-2.91,-0.08
1668424089.70,230,-2.41,0.76,-2.91,-0.04
1668424089.70,230,-2.15,-2.05,-2.80,-1.74
1668424089.70,230,-0.07,-0.98,1.62,-1.13
1668424089.70,230,2.09,-1.35,1.63,-1.16
1668424089.70,230,3.97,-1.76,1.63,-1.16
1668424089.70,230,5.60,-2.08,5.31,-1.03
1668424089.70,230,-1.89,-3.09,-2.80,-1.73
1668424089.70,230,-0.28,-3.04,1.62,-1.15
1668424089.70,230,2.06,-3.17,1.63,-1.16
1668424089.70,230,4.88,-2.81,-2.80,-1.73
1668424089.70,230,6.60,-2.23,-nan,-nan
1668424089.70,230,-2.42,-4.70,-2.80,-1.75
1668424089.70,230,-0.69,-4.50,-2.80,-1.73
1668424089.70,230,1.67,-4.41,1.63,-1.15
1668424089.70,230,3.96,-5.02,-2.80,-1.74
1668424089.70,230,5.74,-4.87,5.31,-1.03
1668424089.70,230,6.69,-3.95,-nan,-nan
1668424089.70,230,-2.15,-6.27,-2.80,-1.75
1668424089.70,230,0.11,-6.07,-2.80,-1.74
1668424089.70,230,2.15,-6.06,-2.80,-1.76
1668424089.70,230,3.81,-5.48,-2.80,-1.74
1668424089.70,230,6.94,-6.22,-nan,-nan
1668424089.70,230,-1.95,-8.01,-2.69,-3.25
1668424089.70,230,-0.37,-7.74,-nan,-nan
1668424089.70,230,1.26,-7.95,-2.79,-1.94
1668424089.70,230,3.46,-7.91,-2.80,-1.79
1668424089.70,230,5.29,-7.77,-nan,-nan
1668424089.70,230,6.62,-7.85,-nan,-nan
1668424089.70,230,-2.14,-9.32,-2.72,-6.03
1668424089.70,230,-0.48,-9.33,-nan,-nan
1668424089.70,230,1.33,-8.87,-8.44,-18.03
1668424089.70,230,3.71,-9.70,-nan,-nan
1668424089.70,230,-0.60,-10.01,-nan,-nan
1668424089.70,230,5.18,-9.42,-nan,-nan
1668424089.70,230,7.35,-9.10,7.05,-1.32
1668424089.70,230,7.35,-9.10,7.05,-1.32
1668424089.70,240,-2.76,4.21,-3.17,4.14
1668424089.70,240,-0.75,3.96,-nan,-nan
1668424089.70,240,1.10,4.31,-nan,-nan
1668424089.70,240,3.42,4.45,1.23,4.85
1668424089.70,240,5.17,4.86,5.77,4.80
1668424089.70,240,-2.87,2.51,-2.91,-0.03
1668424089.70,240,-1.24,2.83,-2.86,-0.75
1668424089.70,240,1.44,2.83,-2.91,-0.03
1668424089.70,240,3.24,3.18,-2.91,-0.04
1668424089.70,240,4.46,3.17,2.69,0.87
1668424089.70,240,5.56,3.97,-nan,-nan
1668424089.70,240,5.53,0.98,5.11,0.57
1668424089.70,240,2.56,0.74,-2.91,-0.04
1668424089.70,240,-0.38,0.18,-2.88,-0.53
1668424089.70,240,-2.41,0.76,-2.88,-0.51
1668424089.70,240,-2.15,-2.05,-2.80,-1.74
1668424089.70,240,-0.07,-0.98,-2.80,-1.76
1668424089.70,240,2.09,-1.35,1.60,-1.11
1668424089.70,240,3.97,-1.76,1.62,-1.14
1668424089.70,240,5.60,-2.08,-0.01,-10.00
1668424089.70,240,-1.89,-3.09,-2.80,-1.73
1668424089.70,240,-0.28,-3.04,-2.80,-1.76
1668424089.70,240,2.06,-3.17,-2.80,-1.73
1668424089.70,240,4.88,-2.81,-0.01,-10.00
1668424089.70,240,6.60,-2.23,-nan,-nan
1668424089.70,240,-2.42,-4.70,-2.80,-1.74
1668424089.70,240,-0.69,-4.50,-2.80,-1.74
1668424089.70,240,1.67,-4.41,-2.80,-1.74
1668424089.70,240,3.96,-5.02,-2.68,-5.90
1668424089.70,240,5.74,-4.87,-0.01,-10.00
1668424089.70,240,6.69,-3.95,-nan,-nan
1668424089.70,240,-2.15,-6.27,-2.78,-2.00
1668424089.70,240,0.11,-6.07,-2.80,-1.73
1668424089.70,240,2.15,-6.06,-2.80,-1.73
1668424089.70,240,3.81,-5.48,-2.69,-6.34
1668424089.70,240,6.94,-6.22,-nan,-nan
1668424089.70,240,-1.95,-8.01,-2.72,-6.02
1668424089.70,240,-0.37,-7.74,-2.72,-2.79
1668424089.70,240,1.26,-7.95,-2.69,-6.28
1668424089.70,240,3.46,-7.91,-2.80,-1.74
1668424089.70,240,5.29,-7.77,-nan,-nan
1668424089.70,240,6.62,-7.85,-nan,-nan
1668424089.70,240,-2.14,-9.32,-nan,-nan
1668424089.70,240,-0.48,-9.33,-nan,-nan
1668424089.70,240,1.33,-8.87,-nan,-nan
1668424089.70,240,3.71,-9.70,-1.74,-10.00
1668424089.70,240,-0.60,-10.01,-nan,-nan
1668424089.70,240,5.18,-9.42,-1.74,-10.00
1668424089.70,240,7.35,-9.10,-nan,-nan
1668424089.70,240,7.35,-9.10,-nan,-nan
1668424089.70,250,-2.76,4.21,-3.17,4.13
1668424089.70,250,-0.75,3.96,0.17,4.78
1668424089.70,250,1.10,4.31,0.03,4.77
1668424089.70,250,3.42,4.45,0.64,4.82
1668424089.70,250,5.17,4.86,5.77,4.80
1668424089.70,250,-2.87,2.51,-2.91,-0.03
1668424089.70,250,-1.24,2.83,-2.87,-0.65
1668424089.70,250,1.44,2.83,-2.91,-0.08
1668424089.70,250,3.24,3.18,-2.91,-0.04
1668424089.70,250,4.46,3.17,-2.91,-0.04
1668424089.70,250,5.56,3.97,5.77,4.80
1668424089.70,250,5.53,0.98,2.80,0.93
1668424089.70,250,2.56,0.74,-2.91,-0.04
1668424089.70,250,-0.38,0.18,-2.85,-0.89
1668424089.70,250,-2.41,0.76,-2.85,-1.00
1668424089.70,250,-2.15,-2.05,-2.80,-1.76
1668424089.70,250,-0.07,-0.98,-2.80,-1.74
1668424089.70,250,2.09,-1.35,-2.74,-5.44
1668424089.70,250,3.97,-1.76,0.69,-6.44
1668424089.70,250,5.60,-2.08,5.23,0.40
1668424089.70,250,-1.89,-3.09,-2.80,-1.74
1668424089.70,250,-0.28,-3.04,-2.80,-1.74
1668424089.70,250,2.06,-3.17,-nan,-nan
1668424089.70,250,4.88,-2.81,-0.01,-10.00
1668424089.70,250,6.60,-2.23,-nan,-nan
1668424089.70,250,-2.42,-4.70,-2.80,-1.74
1668424089.70,250,-0.69,-4.50,-2.80,-1.74
1668424089.70,250,1.67,-4.41,-2.72,-6.02
1668424089.70,250,3.96,-5.02,-0.01,-10.00
1668424089.70,250,5.74,-4.87,-nan,-nan
1668424089.70,250,6.69,-3.95,-nan,-nan
1668424089.70,250,-2.15,-6.27,-2.74,-2.56
1668424089.70,250,0.11,-6.07,-2.80,-1.74
1668424089.70,250,2.15,-6.06,-2.70,-6.19
1668424089.70,250,3.81,-5.48,-1.74,-10.00
1668424089.70,250,6.94,-6.22,-nan,-nan
1668424089.70,250,-1.95,-8.01,-2.69,-6.34
1668424089.70,250,-0.37,-7.74,-2.73,-5.83
1668424089.70,250,1.26,-7.95,-1.74,-10.00
1668424089.70,250,3.46,-7.91,-nan,-nan
1668424089.70,250,5.29,-7.77,-nan,-nan
1668424089.70,250,6.62,-7.85,-nan,-nan
1668424089.70,250,-2.14,-9.32,-nan,-nan
1668424089.70,250,-0.48,-9.33,-nan,-nan
1668424089.70,250,1.33,-8.87,-nan,-nan
1668424089.70,250,3.71,-9.70,-nan,-nan
1668424089.70,250,-0.60,-10.01,-nan,-nan
1668424089.70,250,5.18,-9.42,-nan,-nan
1668424089.70,250,7.35,-9.10,-nan,-nan
1668424089.70,250,7.35,-9.10,-nan,-nan
1668424089.70,260,-2.76,4.21,-3.17,4.14
1668424089.70,260,-0.75,3.96,-0.04,4.77
1668424089.70,260,1.10,4.31,0.17,4.78
1668424089.70,260,3.42,4.45,0.32,4.79
1668424089.70,260,5.17,4.86,1.36,4.87
1668424089.70,260,-2.87,2.51,-2.91,-0.09
1668424089.70,260,-1.24,2.83,-2.91,-0.12
1668424089.70,260,1.44,2.83,-2.87,-0.68
1668424089.70,260,3.24,3.18,-2.87,-0.67
1668424089.70,260,4.46,3.17,0.47,4.81
1668424089.70,260,5.56,3.97,5.77,4.80
1668424089.70,260,5.53,0.98,-nan,-nan
1668424089.70,260,2.56,0.74,-2.86,-0.70
1668424089.70,260,-0.38,0.18,-2.85,-0.88
1668424089.70,260,-2.41,0.76,-2.81,-1.61
1668424089.70,260,-2.15,-2.05,-2.80,-1.74
1668424089.70,260,-0.07,-0.98,-2.80,-1.74
1668424089.70,260,2.09,-1.35,-0.01,-10.00
1668424089.70,260,3.97,-1.76,-nan,-nan
1668424089.70,260,5.60,-2.08,5.11,0.57
1668424089.70,260,-1.89,-3.09,-2.80,-1.74
1668424089.70,260,-0.28,-3.04,-2.80,-1.74
1668424089.70,260,2.06,-3.17,-1.74,-10.00
1668424089.70,260,4.88,-2.81,-nan,-nan
1668424089.70,260,6.60,-2.23,-nan,-nan
1668424089.70,260,-2.42,-4.70,-2.78,-1.97
1668424089.70,260,-0.69,-4.50,-2.81,-1.70
1668424089.70,260,1.67,-4.41,-2.80,-1.73
1668424089.70,260,3.96,-5.02,-0.01,-10.00
1668424089.70,260,5.74,-4.87,-nan,-nan
1668424089.70,260,6.69,-3.95,-nan,-nan
1668424089.70,260,-2.15,-6.27,-2.74,-5.58
1668424089.70,260,0.11,-6.07,-2.80,-1.73
1668424089.70,260,2.15,-6.06,-nan,-nan
1668424089.70,260,3.81,-5.48,-0.01,-10.00
1668424089.70,260,6.94,-6.22,-nan,-nan
1668424089.70,260,-1.95,-8.01,-2.70,-6.22
1668424089.70,260,-0.37,-7.74,-2.72,-6.02
1668424089.70,260,1.26,-7.95,-2.64,-6.60
1668424089.70,260,3.46,-7.91,-0.01,-10.00
1668424089.70,260,5.29,-7.77,-0.01,-10.00
1668424089.70,260,6.62,-7.85,-0.01,-10.00
1668424089.70,260,-2.14,-9.32,-12.91,-8.77
1668424089.70,260,-0.48,-9.33,-12.37,-10.27
1668424089.70,260,1.33,-8.87,-1.74,-10.00
1668424089.70,260,3.71,-9.70,-nan,-nan
1668424089.70,260,-0.60,-10.01,-12.37,-10.27
1668424089.70,260,5.18,-9.42,-nan,-nan
1668424089.70,260,7.35,-9.10,-0.01,-10.00
1668424089.70,260,7.35,-9.10,-0.01,-10.00
1668424089.70,270,-2.76,4.21,-nan,-nan
1668424089.70,270,-0.75,3.96,-0.28,4.75
1668424089.70,270,1.10,4.31,0.02,4.77
1668424089.70,270,3.42,4.45,0.22,4.78
1668424089.70,270,5.17,4.86,0.65,4.81
1668424089.70,270,-2.87,2.51,-2.86,-0.79
1668424089.70,270,-1.24,2.83,-2.87,-0.68
1668424089.70,270,1.44,2.83,0.40,1.89
1668424089.70,270,3.24,3.18,0.17,4.78
1668424089.70,270,4.46,3.17,0.67,4.81
1668424089.70,270,5.56,3.97,5.57,5.05
1668424089.70,270,5.53,0.98,-nan,-nan
1668424089.70,270,2.56,0.74,0.24,-0.86
1668424089.70,270,-0.38,0.18,-2.85,-0.88
1668424089.70,270,-2.41,0.76,-2.80,-1.74
1668424089.70,270,-2.15,-2.05,-2.80,-1.74
1668424089.70,270,-0.07,-0.98,-2.81,-1.70
1668424089.70,270,2.09,-1.35,0.29,-1.64
1668424089.70,270,3.97,-1.76,-nan,-nan
1668424089.70,270,5.60,-2.08,-nan,-nan
1668424089.70,270,-1.89,-3.09,-2.80,-1.74
1668424089.70,270,-0.28,-3.04,-2.80,-1.74
1668424089.70,270,2.06,-3.17,0.36,-3.40
1668424089.70,270,4.88,-2.81,-nan,-nan
1668424089.70,270,6.60,-2.23,-nan,-nan
1668424089.70,270,-2.42,-4.70,-2.73,-2.71
1668424089.70,270,-0.69,-4.50,-2.80,-1.74
1668424089.70,270,1.67,-4.41,-2.81,-1.70
1668424089.70,270,3.96,-5.02,-0.01,-10.00
1668424089.70,270,5.74,-4.87,22.39,-2.82
1668424089.70,270,6.69,-3.95,-nan,-nan
1668424089.70,270,-2.15,-6.27,-2.70,-6.19
1668424089.70,270,0.11,-6.07,0.69,-6.44
1668424089.70,270,2.15,-6.06,0.69,-6.44
1668424089.70,270,3.81,-5.48,-nan,-nan
1668424089.70,270,6.94,-6.22,-nan,-nan
1668424089.70,270,-1.95,-8.01,-2.70,-6.19
1668424089.70,270,-0.37,-7.74,0.65,-6.50
1668424089.70,270,1.26,-7.95,-0.01,-10.00
1668424089.70,270,3.46,-7.91,-0.01,-10.00
1668424089.70,270,5.29,-7.77,-nan,-nan
1668424089.70,270,6.62,-7.85,-nan,-nan
1668424089.70,270,-2.14,-9.32,-12.57,-9.55
1668424089.70,270,-0.48,-9.33,-1.74,-10.00
1668424089.70,270,1.33,-8.87,-0.01,-10.00
1668424089.70,270,3.71,-9.70,-0.01,-10.00
1668424089.70,270,-0.60,-10.01,-1.74,-10.00
1668424089.70,270,5.18,-9.42,-nan,-nan
1668424089.70,270,7.35,-9.10,-nan,-nan
1668424089.70,270,7.35,-9.10,-nan,-nan
1668424089.70,280,-2.76,4.21,-nan,-nan
1668424089.70,280,-0.75,3.96,-3.17,4.13
1668424089.70,280,1.10,4.31,0.03,4.77
1668424089.70,280,3.42,4.45,0.17,4.78
1668424089.70,280,5.17,4.86,0.30,4.79
1668424089.70,280,-2.87,2.51,-2.82,-1.39
1668424089.70,280,-1.24,2.83,0.41,1.88
1668424089.70,280,1.44,2.83,0.41,1.87
1668424089.70,280,3.24,3.18,0.17,4.78
1668424089.70,280,4.46,3.17,-nan,-nan
1668424089.70,280,5.56,3.97,-nan,-nan
1668424089.70,280,5.53,0.98,-nan,-nan
1668424089.70,280,2.56,0.74,0.41,1.80
1668424089.70,280,-0.38,0.18,0.20,0.38
1668424089.70,280,-2.41,0.76,-2.80,-1.73
1668424089.70,280,-2.15,-2.05,-2.80,-1.74
1668424089.70,280,-0.07,-0.98,0.24,-0.81
1668424089.70,280,2.09,-1.35,0.25,-1.01
1668424089.70,280,3.97,-1.76,-2.86,-0.71
1668424089.70,280,5.60,-2.08,-nan,-nan
1668424089.70,280,-1.89,-3.09,-2.79,-1.82
1668424089.70,280,-0.28,-3.04,0.42,-2.89
1668424089.70,280,2.06,-3.17,0.43,-3.09
1668424089.70,280,4.88,-2.81,3.54,1.22
1668424089.70,280,6.60,-2.23,-nan,-nan
1668424089.70,280,-2.42,-4.70,-2.74,-5.58
1668424089.70,280,-0.69,-4.50,-2.80,-1.74
1668424089.70,280,1.67,-4.41,0.42,-4.20
1668424089.70,280,3.96,-5.02,-nan,-nan
1668424089.70,280,5.74,-4.87,-nan,-nan
1668424089.70,280,6.69,-3.95,-nan,-nan
1668424089.70,280,-2.15,-6.27,-2.70,-6.21
1668424089.70,280,0.11,-6.07,0.65,-6.48
1668424089.70,280,2.15,-6.06,0.65,-6.48
1668424089.70,280,3.81,-5.48,0.69,-6.44
1668424089.70,280,6.94,-6.22,-nan,-nan
1668424089.70,280,-1.95,-8.01,-2.66,-6.47
1668424089.70,280,-0.37,-7.74,-0.01,-10.00
1668424089.70,280,1.26,-7.95,-0.01,-10.00
1668424089.70,280,3.46,-7.91,-0.01,-10.00
1668424089.70,280,5.29,-7.77,-nan,-nan
1668424089.70,280,6.62,-7.85,-nan,-nan
1668424089.70,280,-2.14,-9.32,-1.74,-10.00
1668424089.70,280,-0.48,-9.33,-0.01,-10.00
1668424089.70,280,1.33,-8.87,-0.01,-10.00
1668424089.70,280,3.71,-9.70,-nan,-nan
1668424089.70,280,-0.60,-10.01,-0.01,-10.00
1668424089.70,280,5.18,-9.42,-nan,-nan
1668424089.70,280,7.35,-9.10,0.16,-10.02
1668424089.70,280,7.35,-9.10,0.16,-10.02
1668424089.70,290,-2.76,4.21,-nan,-nan
1668424089.70,290,-0.75,3.96,-3.17,4.14
1668424089.70,290,1.10,4.31,-0.52,4.73
1668424089.70,290,3.42,4.45,0.17,4.78
1668424089.70,290,5.17,4.86,0.17,4.78
1668424089.70,290,-2.87,2.51,-2.80,-1.74
1668424089.70,290,-1.24,2.83,0.41,1.87
1668424089.70,290,1.44,2.83,0.40,1.89
1668424089.70,290,3.24,3.18,-0.32,4.74
1668424089.70,290,4.46,3.17,-nan,-nan
1668424089.70,290,5.56,3.97,-nan,-nan
1668424089.70,290,5.53,0.98,-nan,-nan
1668424089.70,290,2.56,0.74,0.31,1.69
1668424089.70,290,-0.38,0.18,0.21,0.29
1668424089.70,290,-2.41,0.76,-2.80,-1.74
1668424089.70,290,-2.15,-2.05,-2.80,-1.79
1668424089.70,290,-0.07,-0.98,0.24,-0.81
1668424089.70,290,2.09,-1.35,0.28,-1.14
1668424089.70,290,3.97,-1.76,0.41,1.82
1668424089.70,290,5.60,-2.08,-nan,-nan
1668424089.70,290,-1.89,-3.09,0.37,-3.57
1668424089.70,290,-0.28,-3.04,0.43,-3.02
1668424089.70,290,2.06,-3.17,0.36,-3.36
1668424089.70,290,4.88,-2.81,0.48,4.80
1668424089.70,290,6.60,-2.23,-nan,-nan
1668424089.70,290,-2.42,-4.70,-2.72,-6.03
1668424089.70,290,-0.69,-4.50,0.42,-4.19
1668424089.70,290,1.67,-4.41,0.42,-4.22
1668424089.70,290,3.96,-5.02,-2.80,-1.74
1668424089.70,290,5.74,-4.87,26.36,1.48
1668424089.70,290,6.69,-3.95,-nan,-nan
1668424089.70,290,-2.15,-6.27,0.65,-6.53
1668424089.70,290,0.11,-6.07,0.65,-6.48
1668424089.70,290,2.15,-6.06,0.65,-6.48
1668424089.70,290,3.81,-5.48,0.55,-5.10
1668424089.70,290,6.94,-6.22,-nan,-nan
1668424089.70,290,-1.95,-8.01,-0.01,-10.00
1668424089.70,290,-0.37,-7.74,-0.01,-10.00
1668424089.70,290,1.26,-7.95,-0.01,-10.00
1668424089.70,290,3.46,-7.91,-0.01,-10.00
1668424089.70,290,5.29,-7.77,-nan,-nan
1668424089.70,290,6.62,-7.85,-nan,-nan
1668424089.70,290,-2.14,-9.32,-1.74,-10.00
1668424089.70,290,-0.48,-9.33,-0.01,-10.00
1668424089.70,290,1.33,-8.87,-0.01,-10.00
1668424089.70,290,3.71,-9.70,-0.01,-10.00
1668424089.70,290,-0.60,-10.01,-0.01,-10.00
1668424089.70,290,5.18,-9.42,0.00,-10.00
1668424089.70,290,7.35,-9.10,-nan,-nan
1668424089.70,290,7.35,-9.10,-nan,-nan
1668424089.70,300,-2.76,4.21,-nan,-nan
1668424089.70,300,-0.75,3.96,-nan,-nan
1668424089.70,300,1.10,4.31,-3.17,4.14
1668424089.70,300,3.42,4.45,0.17,4.78
1668424089.70,300,5.17,4.86,0.17,4.78
1668424089.70,300,-2.87,2.51,-2.80,-1.74
1668424089.70,300,-1.24,2.83,0.40,1.89
1668424089.70,300,1.44,2.83,0.41,1.88
1668424089.70,300,3.24,3.18,-3.18,4.14
1668424089.70,300,4.46,3.17,-nan,-nan
1668424089.70,300,5.56,3.97,-nan,-nan
1668424089.70,300,5.53,0.98,-nan,-nan
1668424089.70,300,2.56,0.74,0.19,0.57
1668424089.70,300,-0.38,0.18,0.21,0.25
1668424089.70,300,-2.41,0.76,-2.80,-1.74
1668424089.70,300,-2.15,-2.05,-2.11,-2.05
1668424089.70,300,-0.07,-0.98,0.24,-0.81
1668424089.70,300,2.09,-1.35,0.28,-1.23
1668424089.70,300,3.97,-1.76,0.29,-1.67
1668424089.70,300,5.60,-2.08,-nan,-nan
1668424089.70,300,-1.89,-3.09,0.43,-2.96
1668424089.70,300,-0.28,-3.04,0.42,-2.95
1668424089.70,300,2.06,-3.17,0.43,-2.94
1668424089.70,300,4.88,-2.81,0.40,1.89
1668424089.70,300,6.60,-2.23,-nan,-nan
1668424089.70,300,-2.42,-4.70,-2.72,-6.03
1668424089.70,300,-0.69,-4.50,0.61,-4.68
1668424089.70,300,1.67,-4.41,0.61,-4.68
1668424089.70,300,3.96,-5.02,0.97,-6.35
1668424089.70,300,5.74,-4.87,-nan,-nan
1668424089.70,300,6.69,-3.95,-nan,-nan
1668424089.70,300,-2.15,-6.27,-nan,-nan
1668424089.70,300,0.11,-6.07,0.98,-6.31
1668424089.70,300,2.15,-6.06,0.77,-6.06
1668424089.70,300,3.81,-5.48,0.97,-6.36
1668424089.70,300,6.94,-6.22,-nan,-nan
1668424089.70,300,-1.95,-8.01,-2.61,-4.78
1668424089.70,300,-0.37,-7.74,0.17,-10.03
1668424089.70,300,1.26,-7.95,0.13,-10.02
1668424089.70,300,3.46,-7.91,-0.01,-10.00
1668424089.70,300,5.29,-7.77,-nan,-nan
1668424089.70,300,6.62,-7.85,-nan,-nan
1668424089.70,300,-2.14,-9.32,-1.74,-10.00
1668424089.70,300,-0.48,-9.33,-0.01,-10.00
1668424089.70,300,1.33,-8.87,-0.01,-10.00
1668424089.70,300,3.71,-9.70,0.15,-10.02
1668424089.70,300,-0.60,-10.01,-0.01,-10.00
1668424089.70,300,5.18,-9.42,0.13,-10.02
1668424089.70,300,7.35,-9.10,0.13,-10.02
1668424089.70,300,7.35,-9.10,0.13,-10.02
1668424089.70,310,-2.76,4.21,-3.18,4.14
1668424089.70,310,-0.75,3.96,-3.18,4.14
1668424089.70,310,1.10,4.31,-3.17,4.14
1668424089.70,310,3.42,4.45,-0.51,4.73
1668424089.70,310,5.17,4.86,-nan,-nan
1668424089.70,310,-2.87,2.51,-3.18,4.14
1668424089.70,310,-1.24,2.83,0.34,1.79
1668424089.70,310,1.44,2.83,0.30,1.71
1668424089.70,310,3.24,3.18,-3.17,4.14
1668424089.70,310,4.46,3.17,-nan,-nan
1668424089.70,310,5.56,3.97,0.17,4.78
1668424089.70,310,5.53,0.98,0.61,-4.68
1668424089.70,310,2.56,0.74,0.61,-4.68
1668424089.70,310,-0.38,0.18,0.61,-4.64
1668424089.70,310,-2.41,0.76,0.61,-4.64
1668424089.70,310,-2.15,-2.05,0.61,-4.64
1668424089.70,310,-0.07,-0.98,0.61,-4.64
1668424089.70,310,2.09,-1.35,0.61,-4.64
1668424089.70,310,3.97,-1.76,0.61,-4.68
1668424089.70,310,5.60,-2.08,0.61,-4.64
1668424089.70,310,-1.89,-3.09,-2.83,-1.69
1668424089.70,310,-0.28,-3.04,0.61,-4.64
1668424089.70,310,2.06,-3.17,0.61,-4.64
1668424089.70,310,4.88,-2.81,0.97,-6.36
1668424089.70,310,6.60,-2.23,-nan,-nan
1668424089.70,310,-2.42,-4.70,-nan,-nan
1668424089.70,310,-0.69,-4.50,0.61,-4.68
1668424089.70,310,1.67,-4.41,0.61,-4.69
1668424089.70,310,3.96,-5.02,0.90,-6.37
1668424089.70,310,5.74,-4.87,0.13,-10.02
1668424089.70,310,6.69,-3.95,1.80,-10.10
1668424089.70,310,-2.15,-6.27,-2.73,-3.24
1668424089.70,310,0.11,-6.07,0.96,-6.39
1668424089.70,310,2.15,-6.06,0.90,-6.38
1668424089.70,310,3.81,-5.48,0.97,-6.36
1668424089.70,310,6.94,-6.22,1.27,-10.11
1668424089.70,310,-1.95,-8.01,-nan,-nan
1668424089.70,310,-0.37,-7.74,0.97,-6.36
1668424089.70,310,1.26,-7.95,0.13,-10.02
1668424089.70,310,3.46,-7.91,-0.01,-10.00
1668424089.70,310,5.29,-7.77,0.13,-10.02
1668424089.70,310,6.62,-7.85,0.86,-10.03
1668424089.70,310,-2.14,-9.32,-1.74,-10.00
1668424089.70,310,-0.48,-9.33,-0.01,-10.00
1668424089.70,310,1.33,-8.87,0.08,-10.01
1668424089.70,310,3.71,-9.70,0.13,-10.02
1668424089.70,310,-0.60,-10.01,-0.01,-10.00
1668424089.70,310,5.18,-9.42,0.13,-10.02
1668424089.70,310,7.35,-9.10,0.50,-10.03
1668424089.70,310,7.35,-9.10,0.50,-10.03
1668424089.70,320,-2.76,4.21,-3.26,4.35
1668424089.70,320,-0.75,3.96,-3.18,4.14
1668424089.70,320,1.10,4.31,-3.18,4.14
1668424089.70,320,3.42,4.45,-3.17,4.14
1668424089.70,320,5.17,4.86,0.03,4.77
1668424089.70,320,-2.87,2.51,-3.01,4.26
1668424089.70,320,-1.24,2.83,0.61,-4.68
1668424089.70,320,1.44,2.83,0.61,-4.64
1668424089.70,320,3.24,3.18,0.41,1.88
1668424089.70,320,4.46,3.17,-nan,-nan
1668424089.70,320,5.56,3.97,0.17,4.78
1668424089.70,320,5.53,0.98,1.10,-4.59
1668424089.70,320,2.56,0.74,0.61,-4.68
1668424089.70,320,-0.38,0.18,0.61,-4.64
1668424089.70,320,-2.41,0.76,-2.83,-1.66
1668424089.70,320,-2.15,-2.05,-2.83,-1.69
1668424089.70,320,-0.07,-0.98,0.61,-4.68
1668424089.70,320,2.09,-1.35,0.61,-4.65
1668424089.70,320,3.97,-1.76,0.61,-4.64
1668424089.70,320,5.60,-2.08,2.82,-10.13
1668424089.70,320,-1.89,-3.09,-2.82,-1.79
1668424089.70,320,-0.28,-3.04,0.61,-4.64
1668424089.70,320,2.06,-3.17,0.61,-4.69
1668424089.70,320,4.88,-2.81,1.96,-10.13
1668424089.70,320,6.60,-2.23,-nan,-nan
1668424089.70,320,-2.42,-4.70,-nan,-nan
1668424089.70,320,-0.69,-4.50,0.61,-4.69
1668424089.70,320,1.67,-4.41,0.61,-4.69
1668424089.70,320,3.96,-5.02,0.90,-6.38
1668424089.70,320,5.74,-4.87,2.95,-10.12
1668424089.70,320,6.69,-3.95,3.36,-10.07
1668424089.70,320,-2.15,-6.27,-nan,-nan
1668424089.70,320,0.11,-6.07,0.98,-6.31
1668424089.70,320,2.15,-6.06,0.97,-6.36
1668424089.70,320,3.81,-5.48,0.97,-6.36
1668424089.70,320,6.94,-6.22,1.79,-10.10
1668424089.70,320,-1.95,-8.01,-nan,-nan
1668424089.70,320,-0.37,-7.74,0.97,-6.36
1668424089.70,320,1.26,-7.95,0.13,-10.02
1668424089.70,320,3.46,-7.91,0.13,-10.02
1668424089.70,320,5.29,-7.77,0.13,-10.02
1668424089.70,320,6.62,-7.85,1.83,-10.10
1668424089.70,320,-2.14,-9.32,-1.91,-10.04
1668424089.70,320,-0.48,-9.33,0.04,-10.01
1668424089.70,320,1.33,-8.87,0.14,-10.02
1668424089.70,320,3.71,-9.70,0.13,-10.02
1668424089.70,320,-0.60,-10.01,0.04,-10.01
1668424089.70,320,5.18,-9.42,-nan,-nan
1668424089.70,320,7.35,-9.10,-nan,-nan
1668424089.70,320,7.35,-9.10,-nan,-nan
1668424089.70,330,-2.76,4.21,-3.00,4.26
1668424089.70,330,-0.75,3.96,-3.17,4.15
1668424089.70,330,1.10,4.31,-3.17,4.14
1668424089.70,330,3.42,4.45,-3.18,4.14
1668424089.70,330,5.17,4.86,-nan,-nan
1668424089.70,330,-2.87,2.51,-2.86,-1.28
1668424089.70,330,-1.24,2.83,0.40,2.80
1668424089.70,330,1.44,2.83,0.61,-4.68
1668424089.70,330,3.24,3.18,0.61,-4.64
1668424089.70,330,4.46,3.17,-3.17,4.14
1668424089.70,330,5.56,3.97,-nan,-nan
1668424089.70,330,5.53,0.98,7.19,-4.17
1668424089.70,330,2.56,0.74,0.61,-4.65
1668424089.70,330,-0.38,0.18,0.61,-4.64
1668424089.70,330,-2.41,0.76,-2.83,-1.69
1668424089.70,330,-2.15,-2.05,-2.83,-1.66
1668424089.70,330,-0.07,-0.98,0.61,-4.64
1668424089.70,330,2.09,-1.35,0.61,-4.68
1668424089.70,330,3.97,-1.76,0.61,-4.64
1668424089.70,330,5.60,-2.08,3.06,-6.11
1668424089.70,330,-1.89,-3.09,-2.83,-1.69
1668424089.70,330,-0.28,-3.04,0.61,-4.64
1668424089.70,330,2.06,-3.17,0.61,-4.65
1668424089.70,330,4.88,-2.81,2.07,-6.40
1668424089.70,330,6.60,-2.23,-nan,-nan
1668424089.70,330,-2.42,-4.70,-2.75,-2.87
1668424089.70,330,-0.69,-4.50,0.61,-4.68
1668424089.70,330,1.67,-4.41,0.61,-4.71
1668424089.70,330,3.96,-5.02,0.90,-6.38
1668424089.70,330,5.74,-4.87,3.17,-10.16
1668424089.70,330,6.69,-3.95,7.15,-7.19
1668424089.70,330,-2.15,-6.27,-nan,-nan
1668424089.70,330,0.11,-6.07,0.90,-6.38
1668424089.70,330,2.15,-6.06,0.90,-6.38
1668424089.70,330,3.81,-5.48,0.89,-6.81
1668424089.70,330,6.94,-6.22,2.99,-10.13
1668424089.70,330,-1.95,-8.01,-nan,-nan
1668424089.70,330,-0.37,-7.74,0.97,-6.36
1668424089.70,330,1.26,-7.95,0.14,-10.02
1668424089.70,330,3.46,-7.91,0.14,-10.02
1668424089.70,330,5.29,-7.77,1.25,-10.12
1668424089.70,330,6.62,-7.85,-nan,-nan
1668424089.70,330,-2.14,-9.32,-1.91,-10.04
1668424089.70,330,-0.48,-9.33,0.13,-10.02
1668424089.70,330,1.33,-8.87,0.13,-10.02
1668424089.70,330,3.71,-9.70,0.75,-10.03
1668424089.70,330,-0.60,-10.01,0.13,-10.02
1668424089.70,330,5.18,-9.42,-nan,-nan
1668424089.70,330,7.35,-9.10,1.79,-10.10
1668424089.70,330,7.35,-9.10,1.79,-10.10
1668424089.70,340,-2.76,4.21,-3.04,4.21
1668424089.70,340,-0.75,3.96,-3.26,4.32
1668424089.70,340,1.10,4.31,-3.17,4.14
1668424089.70,340,3.42,4.45,-3.18,4.14
1668424089.70,340,5.17,4.86,-3.17,4.14
1668424089.70,340,-2.87,2.51,-2.84,-1.53
1668424089.70,340,-1.24,2.83,0.61,-4.64
1668424089.70,340,1.44,2.83,0.86,2.91
1668424089.70,340,3.24,3.18,0.61,-4.65
1668424089.70,340,4.46,3.17,-3.17,4.14
1668424089.70,340,5.56,3.97,-nan,-nan
1668424089.70,340,5.53,0.98,7.19,-4.16
1668424089.70,340,2.56,0.74,0.61,-4.68
1668424089.70,340,-0.38,0.18,0.61,-4.68
1668424089.70,340,-2.41,0.76,-2.83,-1.66
1668424089.70,340,-2.15,-2.05,-2.83,-1.69
1668424089.70,340,-0.07,-0.98,0.61,-4.64
1668424089.70,340,2.09,-1.35,1.10,-4.59
1668424089.70,340,3.97,-1.76,2.52,-6.26
1668424089.70,340,5.60,-2.08,3.85,-5.89
1668424089.70,340,-1.89,-3.09,-2.81,-2.00
1668424089.70,340,-0.28,-3.04,0.61,-4.64
1668424089.70,340,2.06,-3.17,1.09,-4.56
1668424089.70,340,4.88,-2.81,3.32,-6.05
1668424089.70,340,6.60,-2.23,7.19,-4.17
1668424089.70,340,-2.42,-4.70,-nan,-nan
1668424089.70,340,-0.69,-4.50,1.11,-4.63
1668424089.70,340,1.67,-4.41,1.11,-4.63
1668424089.70,340,3.96,-5.02,0.90,-6.41
1668424089.70,340,5.74,-4.87,-nan,-nan
1668424089.70,340,6.69,-3.95,-nan,-nan
1668424089.70,340,-2.15,-6.27,-nan,-nan
1668424089.70,340,0.11,-6.07,0.97,-6.32
1668424089.70,340,2.15,-6.06,0.77,-6.06
1668424089.70,340,3.81,-5.48,0.90,-6.38
1668424089.70,340,6.94,-6.22,3.43,-10.10
1668424089.70,340,-1.95,-8.01,-nan,-nan
1668424089.70,340,-0.37,-7.74,0.89,-6.81
1668424089.70,340,1.26,-7.95,0.97,-6.36
1668424089.70,340,3.46,-7.91,0.97,-6.36
1668424089.70,340,5.29,-7.77,1.89,-10.14
1668424089.70,340,6.62,-7.85,-nan,-nan
1668424089.70,340,-2.14,-9.32,-1.91,-10.04
1668424089.70,340,-0.48,-9.33,0.13,-10.02
1668424089.70,340,1.33,-8.87,0.58,-10.03
1668424089.70,340,3.71,-9.70,1.78,-10.10
1668424089.70,340,-0.60,-10.01,0.13,-10.02
1668424089.70,340,5.18,-9.42,1.79,-10.10
1668424089.70,340,7.35,-9.10,2.82,-10.13
1668424089.70,340,7.35,-9.10,2.82,-10.13
1668424089.70,350,-2.76,4.21,-3.01,4.26
1668424089.70,350,-0.75,3.96,-3.00,4.27
1668424089.70,350,1.10,4.31,-3.17,4.14
1668424089.70,350,3.42,4.45,-3.18,4.14
1668424089.70,350,5.17,4.86,5.76,24.53
1668424089.70,350,-2.87,2.51,-2.83,-1.69
1668424089.70,350,-1.24,2.83,-2.83,-1.66
1668424089.70,350,1.44,2.83,-3.17,4.14
1668424089.70,350,3.24,3.18,7.15,-3.12
1668424089.70,350,4.46,3.17,7.15,-3.13
1668424089.70,350,5.56,3.97,7.15,-3.31
1668424089.70,350,5.53,0.98,7.19,-4.17
1668424089.70,350,2.56,0.74,7.19,-4.17
1668424089.70,350,-0.38,0.18,1.09,-4.56
1668424089.70,350,-2.41,0.76,-2.83,-1.69
1668424089.70,350,-2.15,-2.05,-2.83,-1.72
1668424089.70,350,-0.07,-0.98,2.07,-6.40
1668424089.70,350,2.09,-1.35,3.71,-5.95
1668424089.70,350,3.97,-1.76,3.92,-5.90
1668424089.70,350,5.60,-2.08,7.19,-4.17
1668424089.70,350,-1.89,-3.09,-2.77,-2.68
1668424089.70,350,-0.28,-3.04,0.91,-6.42
1668424089.70,350,2.06,-3.17,2.45,-6.27
1668424089.70,350,4.88,-2.81,3.92,-5.90
1668424089.70,350,6.60,-2.23,7.19,-4.17
1668424089.70,350,-2.42,-4.70,-2.67,-4.18
1668424089.70,350,-0.69,-4.50,0.91,-6.42
1668424089.70,350,1.67,-4.41,1.10,-4.59
1668424089.70,350,3.96,-5.02,1.10,-4.62
1668424089.70,350,5.74,-4.87,3.85,-5.89
1668424089.70,350,6.69,-3.95,7.19,-4.17
1668424089.70,350,-2.15,-6.27,-nan,-nan
1668424089.70,350,0.11,-6.07,0.90,-6.40
1668424089.70,350,2.15,-6.06,0.90,-6.41
1668424089.70,350,3.81,-5.48,2.07,-6.40
1668424089.70,350,6.94,-6.22,-nan,-nan
1668424089.70,350,-1.95,-8.01,-nan,-nan
1668424089.70,350,-0.37,-7.74,0.97,-6.36
1668424089.70,350,1.26,-7.95,0.98,-6.31
1668424089.70,350,3.46,-7.91,2.07,-6.40
1668424089.70,350,5.29,-7.77,2.12,-6.42
1668424089.70,350,6.62,-7.85,7.25,-6.35
1668424089.70,350,-2.14,-9.32,-1.91,-10.04
1668424089.70,350,-0.48,-9.33,0.54,-10.03
1668424089.70,350,1.33,-8.87,1.78,-10.11
1668424089.70,350,3.71,-9.70,2.83,-10.13
1668424089.70,350,-0.60,-10.01,0.51,-10.03
1668424089.70,350,5.18,-9.42,2.82,-10.13
1668424089.70,350,7.35,-9.10,7.05,-8.09
1668424089.70,350,7.35,-9.10,7.05,-8.09
