1668424059.63,0,-2.76,4.21,-0.42,-0.32
1668424059.63,0,-0.75,3.96,-0.42,-0.32
1668424059.63,0,1.10,4.31,-0.42,-0.33
1668424059.63,0,3.42,4.45,-0.42,-0.32
1668424059.63,0,5.17,4.86,2.23,4.66
1668424059.63,0,-2.87,2.51,-0.42,-0.32
1668424059.63,0,-1.24,2.83,-0.42,-0.32
1668424059.63,0,1.44,2.83,-0.42,-0.32
1668424059.63,0,3.24,3.18,-0.42,-0.32
1668424059.63,0,4.46,3.17,-0.42,-0.32
1668424059.63,0,5.56,3.97,2.23,4.66
1668424059.63,0,5.53,0.98,-0.42,-0.32
1668424059.63,0,2.56,0.74,-0.42,-0.32
1668424059.63,0,-0.38,0.18,-0.42,-0.32
1668424059.63,0,-2.41,0.76,-0.42,-0.32
1668424059.63,0,-2.15,-2.05,-0.42,-0.34
1668424059.63,0,-0.07,-0.98,-0.41,-0.35
1668424059.63,0,2.09,-1.35,-0.42,-0.32
1668424059.63,0,3.97,-1.76,-0.42,-0.32
1668424059.63,0,5.60,-2.08,-0.42,-0.32
1668424059.63,0,-1.89,-3.09,-0.42,-0.34
1668424059.63,0,-0.28,-3.04,-0.42,-0.34
1668424059.63,0,2.06,-3.17,-0.42,-0.32
1668424059.63,0,4.88,-2.81,-0.42,-0.32
1668424059.63,0,6.60,-2.23,-0.42,-0.32
1668424059.63,0,-2.42,-4.70,-0.42,-0.34
1668424059.63,0,-0.69,-4.50,-0.42,-0.34
1668424059.63,0,1.67,-4.41,-0.42,-0.32
1668424059.63,0,3.96,-5.02,-0.42,-0.32
1668424059.63,0,5.74,-4.87,-0.42,-0.32
1668424059.63,0,6.69,-3.95,-0.42,-0.32
1668424059.63,0,-2.15,-6.27,-0.42,-0.34
1668424059.63,0,0.11,-6.07,-0.42,-0.34
1668424059.63,0,2.15,-6.06,-0.42,-0.32
1668424059.63,0,3.81,-5.48,-0.42,-0.32
1668424059.63,0,6.94,-6.22,6.59,2.31
1668424059.63,0,-1.95,-8.01,-0.42,-0.34
1668424059.63,0,-0.37,-7.74,-0.42,-0.34
1668424059.63,0,1.26,-7.95,5.18,2.72
1668424059.63,0,3.46,-7.91,5.18,2.72
1668424059.63,0,5.29,-7.77,-0.42,-0.32
1668424059.63,0,6.62,-7.85,-nan,-nan
1668424059.63,0,-2.14,-9.32,-0.42,-0.34
1668424059.63,0,-0.48,-9.33,-0.42,-0.34
1668424059.63,0,1.33,-8.87,7.07,-0.55
1668424059.63,0,3.71,-9.70,6.55,1.72
1668424059.63,0,-0.60,-10.01,-0.42,-0.34
1668424059.63,0,5.18,-9.42,6.59,2.31
1668424059.63,0,7.35,-9.10,-nan,-nan
1668424059.63,0,7.35,-9.10,-nan,-nan
1668424059.63,10,-2.76,4.21,-0.42,-0.32
1668424059.63,10,-0.75,3.96,-0.42,-0.32
1668424059.63,10,1.10,4.31,-0.42,-0.32
1668424059.63,10,3.42,4.45,-0.42,-0.32
1668424059.63,10,5.17,4.86,-0.42,-0.32
1668424059.63,10,-2.87,2.51,-0.42,-0.32
1668424059.63,10,-1.24,2.83,-0.42,-0.32
1668424059.63,10,1.44,2.83,-0.42,-0.29
1668424059.63,10,3.24,3.18,-0.42,-0.34
1668424059.63,10,4.46,3.17,-0.42,-0.32
1668424059.63,10,5.56,3.97,-0.42,-0.32
1668424059.63,10,5.53,0.98,-0.42,-0.32
1668424059.63,10,2.56,0.74,-0.42,-0.34
1668424059.63,10,-0.38,0.18,-0.42,-0.34
1668424059.63,10,-2.41,0.76,-0.42,-0.32
1668424059.63,10,-2.15,-2.05,-0.42,-0.34
1668424059.63,10,-0.07,-0.98,-0.42,-0.34
1668424059.63,10,2.09,-1.35,-0.42,-0.32
1668424059.63,10,3.97,-1.76,-0.42,-0.32
1668424059.63,10,5.60,-2.08,-0.42,-0.32
1668424059.63,10,-1.89,-3.09,-0.42,-0.34
1668424059.63,10,-0.28,-3.04,-0.42,-0.34
1668424059.63,10,2.06,-3.17,-0.42,-0.32
1668424059.63,10,4.88,-2.81,-0.42,-0.32
1668424059.63,10,6.60,-2.23,-0.42,-0.32
1668424059.63,10,-2.42,-4.70,-0.42,-0.34
1668424059.63,10,-0.69,-4.50,-0.42,-0.34
1668424059.63,10,1.67,-4.41,-0.42,-0.32
1668424059.63,10,3.96,-5.02,-0.42,-0.32
1668424059.63,10,5.74,-4.87,-0.42,-0.32
1668424059.63,10,6.69,-3.95,-0.42,-0.32
1668424059.63,10,-2.15,-6.27,-0.42,-0.34
1668424059.63,10,0.11,-6.07,-0.42,-0.34
1668424059.63,10,2.15,-6.06,-0.42,-0.32
1668424059.63,10,3.81,-5.48,-0.42,-0.32
1668424059.63,10,6.94,-6.22,-0.42,-0.32
1668424059.63,10,-1.95,-8.01,-0.42,-0.34
1668424059.63,10,-0.37,-7.74,-0.42,-0.34
1668424059.63,10,1.26,-7.95,-0.42,-0.34
1668424059.63,10,3.46,-7.91,-0.42,-0.32
1668424059.63,10,5.29,-7.77,-0.42,-0.32
1668424059.63,10,6.62,-7.85,6.59,2.31
1668424059.63,10,-2.14,-9.32,-0.42,-0.34
1668424059.63,10,-0.48,-9.33,-0.42,-0.34
1668424059.63,10,1.33,-8.87,-0.42,-0.34
1668424059.63,10,3.71,-9.70,-0.42,-0.32
1668424059.63,10,-0.60,-10.01,-0.42,-0.34
1668424059.63,10,5.18,-9.42,-0.42,-0.32
1668424059.63,10,7.35,-9.10,-0.42,-0.34
1668424059.63,10,7.35,-9.10,-0.42,-0.34
1668424059.63,20,-2.76,4.21,-0.42,-0.32
1668424059.63,20,-0.75,3.96,-0.42,-0.32
1668424059.63,20,1.10,4.31,-0.42,-0.32
1668424059.63,20,3.42,4.45,-0.42,-0.31
1668424059.63,20,5.17,4.86,-0.42,-0.30
1668424059.63,20,-2.87,2.51,-0.42,-0.32
1668424059.63,20,-1.24,2.83,-0.42,-0.32
1668424059.63,20,1.44,2.83,-0.42,-0.34
1668424059.63,20,3.24,3.18,-0.42,-0.34
1668424059.63,20,4.46,3.17,-0.42,-0.34
1668424059.63,20,5.56,3.97,-0.42,-0.34
1668424059.63,20,5.53,0.98,-0.42,-0.34
1668424059.63,20,2.56,0.74,-0.42,-0.34
1668424059.63,20,-0.38,0.18,-0.42,-0.34
1668424059.63,20,-2.41,0.76,-0.42,-0.34
1668424059.63,20,-2.15,-2.05,-0.42,-0.34
1668424059.63,20,-0.07,-0.98,-0.42,-0.34
1668424059.63,20,2.09,-1.35,-0.42,-0.34
1668424059.63,20,3.97,-1.76,-0.42,-0.34
1668424059.63,20,5.60,-2.08,-0.42,-0.34
1668424059.63,20,-1.89,-3.09,-0.42,-0.34
1668424059.63,20,-0.28,-3.04,-0.42,-0.34
1668424059.63,20,2.06,-3.17,-0.42,-0.34
1668424059.63,20,4.88,-2.81,-0.42,-0.34
1668424059.63,20,6.60,-2.23,-0.42,-0.34
1668424059.63,20,-2.42,-4.70,-0.42,-0.34
1668424059.63,20,-0.69,-4.50,-0.42,-0.34
1668424059.63,20,1.67,-4.41,-0.42,-0.34
1668424059.63,20,3.96,-5.02,-0.42,-0.32
1668424059.63,20,5.74,-4.87,-0.42,-0.32
1668424059.63,20,6.69,-3.95,-0.42,-0.34
1668424059.63,20,-2.15,-6.27,-0.42,-0.34
1668424059.63,20,0.11,-6.07,-0.42,-0.34
1668424059.63,20,2.15,-6.06,-0.42,-0.32
1668424059.63,20,3.81,-5.48,-0.42,-0.32
1668424059.63,20,6.94,-6.22,-0.24,-7.61
1668424059.63,20,-1.95,-8.01,-2.47,-4.30
1668424059.63,20,-0.37,-7.74,-0.42,-0.34
1668424059.63,20,1.26,-7.95,-0.42,-0.34
1668424059.63,20,3.46,-7.91,-0.42,-0.32
1668424059.63,20,5.29,-7.77,-0.42,-0.34
1668424059.63,20,6.62,-7.85,-0.24,-7.61
1668424059.63,20,-2.14,-9.32,-nan,-nan
1668424059.63,20,-0.48,-9.33,-0.42,-0.34
1668424059.63,20,1.33,-8.87,-0.42,-0.34
1668424059.63,20,3.71,-9.70,-0.25,-7.61
1668424059.63,20,-0.60,-10.01,-0.42,-0.34
1668424059.63,20,5.18,-9.42,-0.24,-7.61
1668424059.63,20,7.35,-9.10,-0.24,-7.61
1668424059.63,20,7.35,-9.10,-0.24,-7.61
1668424059.63,30,-2.76,4.21,-0.42,-0.32
1668424059.63,30,-0.75,3.96,-0.42,-0.32
1668424059.63,30,1.10,4.31,-0.42,-0.32
1668424059.63,30,3.42,4.45,-0.42,-0.33
1668424059.63,30,5.17,4.86,-0.42,-0.34
1668424059.63,30,-2.87,2.51,-0.42,-0.32
1668424059.63,30,-1.24,2.83,-0.42,-0.32
1668424059.63,30,1.44,2.83,-0.42,-0.34
1668424059.63,30,3.24,3.18,-0.42,-0.34
1668424059.63,30,4.46,3.17,-0.42,-0.34
1668424059.63,30,5.56,3.97,-0.42,-0.34
1668424059.63,30,5.53,0.98,-0.42,-0.34
1668424059.63,30,2.56,0.74,-0.42,-0.34
1668424059.63,30,-0.38,0.18,-0.42,-0.34
1668424059.63,30,-2.41,0.76,-0.42,-0.34
1668424059.63,30,-2.15,-2.05,-0.42,-0.34
1668424059.63,30,-0.07,-0.98,-0.42,-0.34
1668424059.63,30,2.09,-1.35,-0.42,-0.34
1668424059.63,30,3.97,-1.76,-0.42,-0.34
1668424059.63,30,5.60,-2.08,-0.42,-0.34
1668424059.63,30,-1.89,-3.09,-0.42,-0.34
1668424059.63,30,-0.28,-3.04,-0.42,-0.34
1668424059.63,30,2.06,-3.17,-0.42,-0.34
1668424059.63,30,4.88,-2.81,-0.42,-0.34
1668424059.63,30,6.60,-2.23,-0.24,-7.61
1668424059.63,30,-2.42,-4.70,-0.42,-0.34
1668424059.63,30,-0.69,-4.50,-0.42,-0.34
1668424059.63,30,1.67,-4.41,-0.42,-0.34
1668424059.63,30,3.96,-5.02,-0.42,-0.34
1668424059.63,30,5.74,-4.87,-0.23,-7.48
1668424059.63,30,6.69,-3.95,-0.25,-7.71
1668424059.63,30,-2.15,-6.27,-1.92,-3.49
1668424059.63,30,0.11,-6.07,-0.42,-0.34
1668424059.63,30,2.15,-6.06,-0.42,-0.34
1668424059.63,30,3.81,-5.48,-0.42,-0.34
1668424059.63,30,6.94,-6.22,-0.33,-7.71
1668424059.63,30,-1.95,-8.01,-nan,-nan
1668424059.63,30,-0.37,-7.74,-0.42,-0.34
1668424059.63,30,1.26,-7.95,-0.42,-0.34
1668424059.63,30,3.46,-7.91,-0.42,-0.34
1668424059.63,30,5.29,-7.77,-0.23,-7.47
1668424059.63,30,6.62,-7.85,-0.24,-7.61
1668424059.63,30,-2.14,-9.32,-nan,-nan
1668424059.63,30,-0.48,-9.33,-0.24,-7.61
1668424059.63,30,1.33,-8.87,-0.24,-7.61
1668424059.63,30,3.71,-9.70,-0.26,-7.61
1668424059.63,30,-0.60,-10.01,-0.24,-7.61
1668424059.63,30,5.18,-9.42,-0.23,-7.47
1668424059.63,30,7.35,-9.10,-0.25,-7.61
1668424059.63,30,7.35,-9.10,-0.25,-7.61
1668424059.63,40,-2.76,4.21,-0.42,-0.32
1668424059.63,40,-0.75,3.96,-0.42,-0.32
1668424059.63,40,1.10,4.31,-0.42,-0.32
1668424059.63,40,3.42,4.45,-0.42,-0.32
1668424059.63,40,5.17,4.86,-0.42,-0.34
1668424059.63,40,-2.87,2.51,-0.42,-0.34
1668424059.63,40,-1.24,2.83,-0.42,-0.34
1668424059.63,40,1.44,2.83,-0.42,-0.34
1668424059.63,40,3.24,3.18,-0.42,-0.34
1668424059.63,40,4.46,3.17,-0.42,-0.34
1668424059.63,40,5.56,3.97,-0.42,-0.34
1668424059.63,40,5.53,0.98,-0.42,-0.34
1668424059.63,40,2.56,0.74,-0.42,-0.34
1668424059.63,40,-0.38,0.18,-0.42,-0.34
1668424059.63,40,-2.41,0.76,-0.42,-0.34
1668424059.63,40,-2.15,-2.05,-0.42,-0.34
1668424059.63,40,-0.07,-0.98,-0.42,-0.34
1668424059.63,40,2.09,-1.35,-0.42,-0.34
1668424059.63,40,3.97,-1.76,-0.42,-0.34
1668424059.63,40,5.60,-2.08,-0.42,-0.34
1668424059.63,40,-1.89,-3.09,-0.42,-0.34
1668424059.63,40,-0.28,-3.04,-0.42,-0.34
1668424059.63,40,2.06,-3.17,-0.42,-0.34
1668424059.63,40,4.88,-2.81,-0.42,-0.34
1668424059.63,40,6.60,-2.23,-0.42,-0.34
1668424059.63,40,-2.42,-4.70,-1.93,-3.38
1668424059.63,40,-0.69,-4.50,-0.42,-0.34
1668424059.63,40,1.67,-4.41,-0.42,-0.34
1668424059.63,40,3.96,-5.02,-0.20,-7.46
1668424059.63,40,5.74,-4.87,-0.28,-7.72
1668424059.63,40,6.69,-3.95,-nan,-nan
1668424059.63,40,-2.15,-6.27,-2.45,-4.55
1668424059.63,40,0.11,-6.07,-0.42,-0.34
1668424059.63,40,2.15,-6.06,-0.23,-7.48
1668424059.63,40,3.81,-5.48,-0.23,-7.47
1668424059.63,40,6.94,-6.22,-0.28,-7.72
1668424059.63,40,-1.95,-8.01,-2.35,-6.32
1668424059.63,40,-0.37,-7.74,-0.20,-7.46
1668424059.63,40,1.26,-7.95,-0.23,-7.49
1668424059.63,40,3.46,-7.91,-0.23,-7.47
1668424059.63,40,5.29,-7.77,-0.30,-7.72
1668424059.63,40,6.62,-7.85,-0.28,-7.72
1668424059.63,40,-2.14,-9.32,-nan,-nan
1668424059.63,40,-0.48,-9.33,-0.24,-7.61
1668424059.63,40,1.33,-8.87,-0.25,-7.61
1668424059.63,40,3.71,-9.70,-0.25,-7.61
1668424059.63,40,-0.60,-10.01,-0.24,-7.61
1668424059.63,40,5.18,-9.42,-0.31,-7.72
1668424059.63,40,7.35,-9.10,-0.27,-7.71
1668424059.63,40,7.35,-9.10,-0.27,-7.71
1668424059.63,50,-2.76,4.21,-0.42,-0.32
1668424059.63,50,-0.75,3.96,-0.42,-0.32
1668424059.63,50,1.10,4.31,-0.42,-0.32
1668424059.63,50,3.42,4.45,-0.42,-0.32
1668424059.63,50,5.17,4.86,-nan,-nan
1668424059.63,50,-2.87,2.51,-2.32,2.32
1668424059.63,50,-1.24,2.83,-0.42,-0.34
1668424059.63,50,1.44,2.83,-0.42,-0.34
1668424059.63,50,3.24,3.18,-0.42,-0.32
1668424059.63,50,4.46,3.17,-0.42,-0.32
1668424059.63,50,5.56,3.97,-0.42,-0.32
1668424059.63,50,5.53,0.98,-0.42,-0.34
1668424059.63,50,2.56,0.74,-0.42,-0.34
1668424059.63,50,-0.38,0.18,-0.42,-0.34
1668424059.63,50,-2.41,0.76,-0.42,-0.34
1668424059.63,50,-2.15,-2.05,-0.42,-0.34
1668424059.63,50,-0.07,-0.98,-0.42,-0.34
1668424059.63,50,2.09,-1.35,-0.42,-0.34
1668424059.63,50,3.97,-1.76,-0.42,-0.34
1668424059.63,50,5.60,-2.08,-0.42,-0.34
1668424059.63,50,-1.89,-3.09,-1.95,-3.14
1668424059.63,50,-0.28,-3.04,-0.42,-0.34
1668424059.63,50,2.06,-3.17,-0.42,-0.34
1668424059.63,50,4.88,-2.81,-0.42,-0.34
1668424059.63,50,6.60,-2.23,-nan,-nan
1668424059.63,50,-2.42,-4.70,-2.50,-3.81
1668424059.63,50,-0.69,-4.50,-0.42,-0.34
1668424059.63,50,1.67,-4.41,-0.42,-0.34
1668424059.63,50,3.96,-5.02,-0.28,-7.72
1668424059.63,50,5.74,-4.87,-0.28,-7.72
1668424059.63,50,6.69,-3.95,-nan,-nan
1668424059.63,50,-2.15,-6.27,-2.40,-5.46
1668424059.63,50,0.11,-6.07,-0.42,-0.34
1668424059.63,50,2.15,-6.06,-0.23,-7.47
1668424059.63,50,3.81,-5.48,-0.28,-7.72
1668424059.63,50,6.94,-6.22,-0.28,-7.72
1668424059.63,50,-1.95,-8.01,-0.24,-7.61
1668424059.63,50,-0.37,-7.74,-0.24,-7.61
1668424059.63,50,1.26,-7.95,-0.23,-7.47
1668424059.63,50,3.46,-7.91,-0.28,-7.72
1668424059.63,50,5.29,-7.77,-0.27,-7.71
1668424059.63,50,6.62,-7.85,-0.28,-7.72
1668424059.63,50,-2.14,-9.32,-nan,-nan
1668424059.63,50,-0.48,-9.33,-0.24,-7.61
1668424059.63,50,1.33,-8.87,-0.20,-7.46
1668424059.63,50,3.71,-9.70,-0.27,-7.71
1668424059.63,50,-0.60,-10.01,-0.25,-7.61
1668424059.63,50,5.18,-9.42,-0.28,-7.72
1668424059.63,50,7.35,-9.10,-0.28,-7.72
1668424059.63,50,7.35,-9.10,-0.28,-7.72
1668424059.63,60,-2.76,4.21,-0.42,-0.32
1668424059.63,60,-0.75,3.96,-0.42,-0.32
1668424059.63,60,1.10,4.31,-0.42,-0.32
1668424059.63,60,3.42,4.45,-0.42,-0.32
1668424059.63,60,5.17,4.86,-nan,-nan
1668424059.63,60,-2.87,2.51,-2.79,0.55
1668424059.63,60,-1.24,2.83,-0.42,-0.34
1668424059.63,60,1.44,2.83,-0.42,-0.34
1668424059.63,60,3.24,3.18,-0.42,-0.32
1668424059.63,60,4.46,3.17,-0.42,-0.32
1668424059.63,60,5.56,3.97,-0.42,-0.32
1668424059.63,60,5.53,0.98,-0.42,-0.34
1668424059.63,60,2.56,0.74,-0.42,-0.34
1668424059.63,60,-0.38,0.18,-0.42,-0.34
1668424059.63,60,-2.41,0.76,-2.11,-0.02
1668424059.63,60,-2.15,-2.05,-0.42,-0.34
1668424059.63,60,-0.07,-0.98,-0.42,-0.34
1668424059.63,60,2.09,-1.35,-0.42,-0.34
1668424059.63,60,3.97,-1.76,-0.42,-0.34
1668424059.63,60,5.60,-2.08,-0.42,-0.34
1668424059.63,60,-1.89,-3.09,-0.42,-0.34
1668424059.63,60,-0.28,-3.04,-0.42,-0.34
1668424059.63,60,2.06,-3.17,-0.42,-0.34
1668424059.63,60,4.88,-2.81,-0.42,-0.34
1668424059.63,60,6.60,-2.23,-nan,-nan
1668424059.63,60,-2.42,-4.70,-2.47,-4.30
1668424059.63,60,-0.69,-4.50,-0.42,-0.34
1668424059.63,60,1.67,-4.41,-0.42,-0.34
1668424059.63,60,3.96,-5.02,-0.28,-7.72
1668424059.63,60,5.74,-4.87,-0.28,-7.72
1668424059.63,60,6.69,-3.95,-nan,-nan
1668424059.63,60,-2.15,-6.27,-2.37,-5.98
1668424059.63,60,0.11,-6.07,-0.42,-0.34
1668424059.63,60,2.15,-6.06,-0.24,-7.61
1668424059.63,60,3.81,-5.48,-0.28,-7.72
1668424059.63,60,6.94,-6.22,-0.28,-7.72
1668424059.63,60,-1.95,-8.01,-0.24,-7.61
1668424059.63,60,-0.37,-7.74,-0.25,-7.61
1668424059.63,60,1.26,-7.95,-0.28,-7.72
1668424059.63,60,3.46,-7.91,-0.27,-7.71
1668424059.63,60,5.29,-7.77,-0.28,-7.72
1668424059.63,60,6.62,-7.85,-0.28,-7.72
1668424059.63,60,-2.14,-9.32,-0.25,-7.61
1668424059.63,60,-0.48,-9.33,-0.24,-7.61
1668424059.63,60,1.33,-8.87,-0.25,-7.72
1668424059.63,60,3.71,-9.70,-0.28,-7.72
1668424059.63,60,-0.60,-10.01,-0.25,-7.61
1668424059.63,60,5.18,-9.42,-0.28,-7.72
1668424059.63,60,7.35,-9.10,-0.28,-7.72
1668424059.63,60,7.35,-9.10,-0.28,-7.72
1668424059.63,70,-2.76,4.21,-2.79,0.58
1668424059.63,70,-0.75,3.96,-0.42,-0.34
1668424059.63,70,1.10,4.31,-0.42,-0.32
1668424059.63,70,3.42,4.45,-0.42,-0.32
1668424059.63,70,5.17,4.86,-nan,-nan
1668424059.63,70,-2.87,2.51,-2.78,0.47
1668424059.63,70,-1.24,2.83,-0.42,-0.34
1668424059.63,70,1.44,2.83,-0.42,-0.34
1668424059.63,70,3.24,3.18,-0.42,-0.32
1668424059.63,70,4.46,3.17,-0.42,-0.32
1668424059.63,70,5.56,3.97,-0.42,-0.32
1668424059.63,70,5.53,0.98,-0.42,-0.32
1668424059.63,70,2.56,0.74,-0.42,-0.34
1668424059.63,70,-0.38,0.18,-0.42,-0.34
1668424059.63,70,-2.41,0.76,-1.99,0.00
1668424059.63,70,-2.15,-2.05,-0.42,-0.34
1668424059.63,70,-0.07,-0.98,-0.42,-0.34
1668424059.63,70,2.09,-1.35,-0.42,-0.34
1668424059.63,70,3.97,-1.76,-nan,-nan
1668424059.63,70,5.60,-2.08,-nan,-nan
1668424059.63,70,-1.89,-3.09,-0.42,-0.34
1668424059.63,70,-0.28,-3.04,-0.42,-0.34
1668424059.63,70,2.06,-3.17,-0.42,-0.34
1668424059.63,70,4.88,-2.81,-nan,-nan
1668424059.63,70,6.60,-2.23,-nan,-nan
1668424059.63,70,-2.42,-4.70,-0.42,-0.34
1668424059.63,70,-0.69,-4.50,-0.42,-0.34
1668424059.63,70,1.67,-4.41,-0.42,-0.34
1668424059.63,70,3.96,-5.02,-nan,-nan
1668424059.63,70,5.74,-4.87,-0.28,-7.72
1668424059.63,70,6.69,-3.95,-nan,-nan
1668424059.63,70,-2.15,-6.27,-0.24,-7.61
1668424059.63,70,0.11,-6.07,-0.28,-7.72
1668424059.63,70,2.15,-6.06,-0.25,-7.71
1668424059.63,70,3.81,-5.48,-0.28,-7.72
1668424059.63,70,6.94,-6.22,-0.21,-7.76
1668424059.63,70,-1.95,-8.01,-0.28,-7.72
1668424059.63,70,-0.37,-7.74,-0.28,-7.72
1668424059.63,70,1.26,-7.95,-0.28,-7.72
1668424059.63,70,3.46,-7.91,-0.28,-7.72
1668424059.63,70,5.29,-7.77,-0.28,-7.72
1668424059.63,70,6.62,-7.85,-0.28,-7.72
1668424059.63,70,-2.14,-9.32,-0.28,-7.72
1668424059.63,70,-0.48,-9.33,-0.27,-7.71
1668424059.63,70,1.33,-8.87,-0.28,-7.72
1668424059.63,70,3.71,-9.70,-0.27,-7.71
1668424059.63,70,-0.60,-10.01,-0.28,-7.72
1668424059.63,70,5.18,-9.42,-0.27,-7.71
1668424059.63,70,7.35,-9.10,-0.25,-7.72
1668424059.63,70,7.35,-9.10,-0.25,-7.72
1668424059.63,80,-2.76,4.21,-2.78,0.47
1668424059.63,80,-0.75,3.96,-0.42,-0.34
1668424059.63,80,1.10,4.31,-0.42,-0.32
1668424059.63,80,3.42,4.45,-0.42,-0.32
1668424059.63,80,5.17,4.86,-0.42,-0.32
1668424059.63,80,-2.87,2.51,-0.42,-0.34
1668424059.63,80,-1.24,2.83,-0.42,-0.34
1668424059.63,80,1.44,2.83,-0.42,-0.34
1668424059.63,80,3.24,3.18,-0.42,-0.32
1668424059.63,80,4.46,3.17,-0.42,-0.32
1668424059.63,80,5.56,3.97,-nan,-nan
1668424059.63,80,5.53,0.98,-0.42,-0.32
1668424059.63,80,2.56,0.74,-0.42,-0.34
1668424059.63,80,-0.38,0.18,-0.42,-0.34
1668424059.63,80,-2.41,0.76,-0.42,-0.34
1668424059.63,80,-2.15,-2.05,-0.42,-0.34
1668424059.63,80,-0.07,-0.98,-0.42,-0.34
1668424059.63,80,2.09,-1.35,-0.42,-0.34
1668424059.63,80,3.97,-1.76,-nan,-nan
1668424059.63,80,5.60,-2.08,-nan,-nan
1668424059.63,80,-1.89,-3.09,-0.42,-0.34
1668424059.63,80,-0.28,-3.04,-0.42,-0.34
1668424059.63,80,2.06,-3.17,-0.42,-0.34
1668424059.63,80,4.88,-2.81,-nan,-nan
1668424059.63,80,6.60,-2.23,0.74,-7.78
1668424059.63,80,-2.42,-4.70,-0.42,-0.34
1668424059.63,80,-0.69,-4.50,-0.42,-0.34
1668424059.63,80,1.67,-4.41,-0.42,-0.34
1668424059.63,80,3.96,-5.02,-0.42,-0.34
1668424059.63,80,5.74,-4.87,-nan,-nan
1668424059.63,80,6.69,-3.95,-0.19,-7.49
1668424059.63,80,-2.15,-6.27,-0.28,-7.72
1668424059.63,80,0.11,-6.07,-0.28,-7.72
1668424059.63,80,2.15,-6.06,-0.28,-7.72
1668424059.63,80,3.81,-5.48,-0.28,-7.72
1668424059.63,80,6.94,-6.22,-0.21,-7.51
1668424059.63,80,-1.95,-8.01,-0.28,-7.72
1668424059.63,80,-0.37,-7.74,-0.28,-7.72
1668424059.63,80,1.26,-7.95,-0.28,-7.72
1668424059.63,80,3.46,-7.91,-0.28,-7.72
1668424059.63,80,5.29,-7.77,-0.19,-7.73
1668424059.63,80,6.62,-7.85,-0.12,-7.82
1668424059.63,80,-2.14,-9.32,-0.28,-7.72
1668424059.63,80,-0.48,-9.33,-0.28,-7.72
1668424059.63,80,1.33,-8.87,-0.25,-7.72
1668424059.63,80,3.71,-9.70,-0.28,-7.72
1668424059.63,80,-0.60,-10.01,-0.28,-7.72
1668424059.63,80,5.18,-9.42,-0.25,-7.71
1668424059.63,80,7.35,-9.10,-0.20,-7.50
1668424059.63,80,7.35,-9.10,-0.20,-7.50
1668424059.63,90,-2.76,4.21,-0.42,-0.34
1668424059.63,90,-0.75,3.96,-0.42,-0.34
1668424059.63,90,1.10,4.31,-0.42,-0.34
1668424059.63,90,3.42,4.45,-0.42,-0.32
1668424059.63,90,5.17,4.86,-0.42,-0.32
1668424059.63,90,-2.87,2.51,-0.42,-0.34
1668424059.63,90,-1.24,2.83,-0.42,-0.34
1668424059.63,90,1.44,2.83,-0.42,-0.34
1668424059.63,90,3.24,3.18,-0.42,-0.34
1668424059.63,90,4.46,3.17,-0.42,-0.34
1668424059.63,90,5.56,3.97,-0.42,-0.34
1668424059.63,90,5.53,0.98,-0.42,-0.32
1668424059.63,90,2.56,0.74,-0.42,-0.34
1668424059.63,90,-0.38,0.18,-0.42,-0.34
1668424059.63,90,-2.41,0.76,-0.42,-0.34
1668424059.63,90,-2.15,-2.05,-0.42,-0.34
1668424059.63,90,-0.07,-0.98,-0.42,-0.34
1668424059.63,90,2.09,-1.35,-0.42,-0.34
1668424059.63,90,3.97,-1.76,-0.42,-0.34
1668424059.63,90,5.60,-2.08,-nan,-nan
1668424059.63,90,-1.89,-3.09,-0.42,-0.34
1668424059.63,90,-0.28,-3.04,-0.42,-0.34
1668424059.63,90,2.06,-3.17,-0.42,-0.34
1668424059.63,90,4.88,-2.81,-nan,-nan
1668424059.63,90,6.60,-2.23,1.24,-7.84
1668424059.63,90,-2.42,-4.70,4.76,-4.82
1668424059.63,90,-0.69,-4.50,4.76,-4.81
1668424059.63,90,1.67,-4.41,4.76,-4.81
1668424059.63,90,3.96,-5.02,-nan,-nan
1668424059.63,90,5.74,-4.87,-nan,-nan
1668424059.63,90,6.69,-3.95,0.76,-7.73
1668424059.63,90,-2.15,-6.27,-0.21,-7.73
1668424059.63,90,0.11,-6.07,-0.20,-7.77
1668424059.63,90,2.15,-6.06,-0.25,-7.71
1668424059.63,90,3.81,-5.48,-nan,-nan
1668424059.63,90,6.94,-6.22,-0.15,-7.52
1668424059.63,90,-1.95,-8.01,-0.28,-7.72
1668424059.63,90,-0.37,-7.74,-0.28,-7.72
1668424059.63,90,1.26,-7.95,-0.25,-7.72
1668424059.63,90,3.46,-7.91,-0.16,-7.79
1668424059.63,90,5.29,-7.77,-0.19,-7.50
1668424059.63,90,6.62,-7.85,-0.19,-7.51
1668424059.63,90,-2.14,-9.32,-0.28,-7.72
1668424059.63,90,-0.48,-9.33,-0.28,-7.72
1668424059.63,90,1.33,-8.87,-0.28,-7.72
1668424059.63,90,3.71,-9.70,-0.16,-7.79
1668424059.63,90,-0.60,-10.01,-0.28,-7.72
1668424059.63,90,5.18,-9.42,-0.21,-7.53
1668424059.63,90,7.35,-9.10,-0.20,-7.50
1668424059.63,90,7.35,-9.10,-0.20,-7.50
1668424059.63,100,-2.76,4.21,-0.42,-0.34
1668424059.63,100,-0.75,3.96,-0.42,-0.34
1668424059.63,100,1.10,4.31,-0.42,-0.34
1668424059.63,100,3.42,4.45,-0.42,-0.34
1668424059.63,100,5.17,4.86,4.76,-4.80
1668424059.63,100,-2.87,2.51,-0.42,-0.34
1668424059.63,100,-1.24,2.83,-0.42,-0.34
1668424059.63,100,1.44,2.83,-0.42,-0.34
1668424059.63,100,3.24,3.18,-0.42,-0.34
1668424059.63,100,4.46,3.17,-0.42,-0.34
1668424059.63,100,5.56,3.97,4.76,-4.80
1668424059.63,100,5.53,0.98,-0.42,-0.34
1668424059.63,100,2.56,0.74,-0.42,-0.34
1668424059.63,100,-0.38,0.18,-0.42,-0.34
1668424059.63,100,-2.41,0.76,-0.42,-0.34
1668424059.63,100,-2.15,-2.05,4.76,-4.80
1668424059.63,100,-0.07,-0.98,4.76,-4.80
1668424059.63,100,2.09,-1.35,-0.42,-0.34
1668424059.63,100,3.97,-1.76,-0.42,-0.34
1668424059.63,100,5.60,-2.08,-0.42,-0.34
1668424059.63,100,-1.89,-3.09,4.76,-4.80
1668424059.63,100,-0.28,-3.04,4.76,-4.80
1668424059.63,100,2.06,-3.17,4.76,-4.80
1668424059.63,100,4.88,-2.81,-0.42,-0.34
1668424059.63,100,6.60,-2.23,1.79,-7.31
1668424059.63,100,-2.42,-4.70,4.76,-4.80
1668424059.63,100,-0.69,-4.50,4.76,-4.80
1668424059.63,100,1.67,-4.41,4.76,-4.80
1668424059.63,100,3.96,-5.02,-0.20,-7.50
1668424059.63,100,5.74,-4.87,0.74,-7.78
1668424059.63,100,6.69,-3.95,0.75,-7.71
1668424059.63,100,-2.15,-6.27,-0.11,-7.83
1668424059.63,100,0.11,-6.07,-0.15,-7.52
1668424059.63,100,2.15,-6.06,-0.15,-7.52
1668424059.63,100,3.81,-5.48,-0.21,-7.53
1668424059.63,100,6.94,-6.22,0.73,-7.77
1668424059.63,100,-1.95,-8.01,-0.28,-7.72
1668424059.63,100,-0.37,-7.74,-0.25,-7.71
1668424059.63,100,1.26,-7.95,-0.12,-7.82
1668424059.63,100,3.46,-7.91,-0.16,-7.54
1668424059.63,100,5.29,-7.77,-0.20,-7.50
1668424059.63,100,6.62,-7.85,-0.15,-7.52
1668424059.63,100,-2.14,-9.32,-0.28,-7.72
1668424059.63,100,-0.48,-9.33,-0.28,-7.72
1668424059.63,100,1.33,-8.87,-0.11,-7.82
1668424059.63,100,3.71,-9.70,-0.21,-7.53
1668424059.63,100,-0.60,-10.01,-0.28,-7.72
1668424059.63,100,5.18,-9.42,-0.21,-7.53
1668424059.63,100,7.35,-9.10,0.73,-7.77
1668424059.63,100,7.35,-9.10,0.73,-7.77
1668424059.63,110,-2.76,4.21,4.76,-4.80
1668424059.63,110,-0.75,3.96,4.76,-4.80
1668424059.63,110,1.10,4.31,-0.42,-0.34
1668424059.63,110,3.42,4.45,-0.42,-0.34
1668424059.63,110,5.17,4.86,4.76,-4.80
1668424059.63,110,-2.87,2.51,4.76,-4.80
1668424059.63,110,-1.24,2.83,4.76,-4.80
1668424059.63,110,1.44,2.83,-0.42,-0.34
1668424059.63,110,3.24,3.18,-0.42,-0.34
1668424059.63,110,4.46,3.17,4.76,-4.80
1668424059.63,110,5.56,3.97,4.76,-4.80
1668424059.63,110,5.53,0.98,-0.42,-0.34
1668424059.63,110,2.56,0.74,-0.42,-0.34
1668424059.63,110,-0.38,0.18,4.76,-4.80
1668424059.63,110,-2.41,0.76,4.76,-4.80
1668424059.63,110,-2.15,-2.05,4.76,-4.80
1668424059.63,110,-0.07,-0.98,4.76,-4.80
1668424059.63,110,2.09,-1.35,4.76,-4.81
1668424059.63,110,3.97,-1.76,4.76,-4.80
1668424059.63,110,5.60,-2.08,4.76,-4.80
1668424059.63,110,-1.89,-3.09,4.76,-4.80
1668424059.63,110,-0.28,-3.04,4.76,-4.81
1668424059.63,110,2.06,-3.17,4.76,-4.80
1668424059.63,110,4.88,-2.81,4.76,-4.80
1668424059.63,110,6.60,-2.23,4.76,-4.80
1668424059.63,110,-2.42,-4.70,4.76,-4.80
1668424059.63,110,-0.69,-4.50,4.76,-4.80
1668424059.63,110,1.67,-4.41,4.76,-4.80
1668424059.63,110,3.96,-5.02,-0.15,-7.52
1668424059.63,110,5.74,-4.87,1.24,-7.84
1668424059.63,110,6.69,-3.95,1.79,-7.31
1668424059.63,110,-2.15,-6.27,-0.20,-7.50
1668424059.63,110,0.11,-6.07,-0.19,-7.49
1668424059.63,110,2.15,-6.06,-0.21,-7.53
1668424059.63,110,3.81,-5.48,-0.19,-7.49
1668424059.63,110,6.94,-6.22,1.97,-9.78
1668424059.63,110,-1.95,-8.01,-0.16,-7.79
1668424059.63,110,-0.37,-7.74,-0.15,-7.52
1668424059.63,110,1.26,-7.95,-0.19,-7.49
1668424059.63,110,3.46,-7.91,-0.21,-7.53
1668424059.63,110,5.29,-7.77,0.75,-7.71
1668424059.63,110,6.62,-7.85,0.98,-9.44
1668424059.63,110,-2.14,-9.32,-0.21,-7.75
1668424059.63,110,-0.48,-9.33,-0.16,-7.54
1668424059.63,110,1.33,-8.87,-0.21,-7.53
1668424059.63,110,3.71,-9.70,-0.20,-7.50
1668424059.63,110,-0.60,-10.01,-0.20,-7.50
1668424059.63,110,5.18,-9.42,0.74,-7.78
1668424059.63,110,7.35,-9.10,0.73,-9.39
1668424059.63,110,7.35,-9.10,0.73,-9.39
1668424059.63,120,-2.76,4.21,4.76,-4.80
1668424059.63,120,-0.75,3.96,4.76,-4.80
1668424059.63,120,1.10,4.31,4.76,-4.80
1668424059.63,120,3.42,4.45,4.76,-4.81
1668424059.63,120,5.17,4.86,4.76,-4.80
1668424059.63,120,-2.87,2.51,-2.68,-3.74
1668424059.63,120,-1.24,2.83,4.76,-4.80
1668424059.63,120,1.44,2.83,4.76,-4.80
1668424059.63,120,3.24,3.18,4.76,-4.80
1668424059.63,120,4.46,3.17,4.76,-4.80
1668424059.63,120,5.56,3.97,4.76,-4.80
1668424059.63,120,5.53,0.98,4.76,-4.81
1668424059.63,120,2.56,0.74,4.76,-4.80
1668424059.63,120,-0.38,0.18,4.76,-4.80
1668424059.63,120,-2.41,0.76,-2.68,-3.74
1668424059.63,120,-2.15,-2.05,4.76,-4.80
1668424059.63,120,-0.07,-0.98,4.76,-4.80
1668424059.63,120,2.09,-1.35,4.76,-4.80
1668424059.63,120,3.97,-1.76,4.76,-4.80
1668424059.63,120,5.60,-2.08,4.76,-4.80
1668424059.63,120,-1.89,-3.09,4.76,-4.80
1668424059.63,120,-0.28,-3.04,4.76,-4.81
1668424059.63,120,2.06,-3.17,4.76,-4.80
1668424059.63,120,4.88,-2.81,4.76,-4.80
1668424059.63,120,6.60,-2.23,4.76,-4.80
1668424059.63,120,-2.42,-4.70,-2.65,-4.31
1668424059.63,120,-0.69,-4.50,4.76,-4.80
1668424059.63,120,1.67,-4.41,4.76,-4.80
1668424059.63,120,3.96,-5.02,4.76,-4.80
1668424059.63,120,5.74,-4.87,1.79,-7.31
1668424059.63,120,6.69,-3.95,4.76,-4.80
1668424059.63,120,-2.15,-6.27,-2.55,-6.28
1668424059.63,120,0.11,-6.07,-0.20,-7.50
1668424059.63,120,2.15,-6.06,-0.19,-7.50
1668424059.63,120,3.81,-5.48,0.73,-7.77
1668424059.63,120,6.94,-6.22,2.01,-9.78
1668424059.63,120,-1.95,-8.01,0.02,-7.84
1668424059.63,120,-0.37,-7.74,-0.16,-7.54
1668424059.63,120,1.26,-7.95,-0.20,-7.50
1668424059.63,120,3.46,-7.91,0.74,-7.78
1668424059.63,120,5.29,-7.77,1.97,-9.78
1668424059.63,120,6.62,-7.85,1.97,-9.78
1668424059.63,120,-2.14,-9.32,-0.21,-7.53
1668424059.63,120,-0.48,-9.33,-0.16,-7.54
1668424059.63,120,1.33,-8.87,-0.19,-7.49
1668424059.63,120,3.71,-9.70,0.12,-9.27
1668424059.63,120,-0.60,-10.01,-0.21,-7.53
1668424059.63,120,5.18,-9.42,0.85,-9.42
1668424059.63,120,7.35,-9.10,1.97,-9.78
1668424059.63,120,7.35,-9.10,1.97,-9.78
1668424059.63,130,-2.76,4.21,-2.68,-3.71
1668424059.63,130,-0.75,3.96,4.76,-4.80
1668424059.63,130,1.10,4.31,4.76,-4.80
1668424059.63,130,3.42,4.45,4.76,-4.80
1668424059.63,130,5.17,4.86,4.76,-4.78
1668424059.63,130,-2.87,2.51,-2.68,-3.71
1668424059.63,130,-1.24,2.83,4.76,-4.80
1668424059.63,130,1.44,2.83,4.76,-4.80
1668424059.63,130,3.24,3.18,4.76,-4.80
1668424059.63,130,4.46,3.17,4.76,-4.80
1668424059.63,130,5.56,3.97,4.76,-4.80
1668424059.63,130,5.53,0.98,4.76,-4.80
1668424059.63,130,2.56,0.74,4.76,-4.80
1668424059.63,130,-0.38,0.18,4.76,-4.80
1668424059.63,130,-2.41,0.76,-2.68,-3.76
1668424059.63,130,-2.15,-2.05,4.76,-4.81
1668424059.63,130,-0.07,-0.98,4.76,-4.80
1668424059.63,130,2.09,-1.35,4.76,-4.80
1668424059.63,130,3.97,-1.76,4.76,-4.80
1668424059.63,130,5.60,-2.08,4.76,-4.80
1668424059.63,130,-1.89,-3.09,-1.83,-5.55
1668424059.63,130,-0.28,-3.04,4.76,-4.80
1668424059.63,130,2.06,-3.17,4.76,-4.80
1668424059.63,130,4.88,-2.81,4.76,-4.80
1668424059.63,130,6.60,-2.23,4.76,-4.80
1668424059.63,130,-2.42,-4.70,-2.62,-4.81
1668424059.63,130,-0.69,-4.50,4.76,-4.80
1668424059.63,130,1.67,-4.41,4.76,-4.80
1668424059.63,130,3.96,-5.02,4.76,-4.80
1668424059.63,130,5.74,-4.87,4.76,-4.80
1668424059.63,130,6.69,-3.95,4.76,-4.80
1668424059.63,130,-2.15,-6.27,-2.54,-6.53
1668424059.63,130,0.11,-6.07,4.76,-4.80
1668424059.63,130,2.15,-6.06,4.76,-4.80
1668424059.63,130,3.81,-5.48,4.76,-4.80
1668424059.63,130,6.94,-6.22,4.76,-4.80
1668424059.63,130,-1.95,-8.01,-0.16,-7.50
1668424059.63,130,-0.37,-7.74,-0.16,-7.50
1668424059.63,130,1.26,-7.95,0.73,-7.77
1668424059.63,130,3.46,-7.91,1.24,-7.84
1668424059.63,130,5.29,-7.77,1.97,-9.78
1668424059.63,130,6.62,-7.85,2.69,-9.76
1668424059.63,130,-2.14,-9.32,-0.19,-7.50
1668424059.63,130,-0.48,-9.33,-0.19,-7.49
1668424059.63,130,1.33,-8.87,0.74,-7.78
1668424059.63,130,3.71,-9.70,1.96,-9.78
1668424059.63,130,-0.60,-10.01,-0.21,-7.53
1668424059.63,130,5.18,-9.42,1.97,-9.78
1668424059.63,130,7.35,-9.10,-nan,-nan
1668424059.63,130,7.35,-9.10,-nan,-nan
1668424059.63,140,-2.76,4.21,-2.68,-3.71
1668424059.63,140,-0.75,3.96,4.76,-4.80
1668424059.63,140,1.10,4.31,4.76,-4.78
1668424059.63,140,3.42,4.45,4.76,-4.78
1668424059.63,140,5.17,4.86,4.76,-4.78
1668424059.63,140,-2.87,2.51,-2.68,-3.71
1668424059.63,140,-1.24,2.83,-2.68,-3.71
1668424059.63,140,1.44,2.83,4.76,-4.80
1668424059.63,140,3.24,3.18,4.76,-4.78
1668424059.63,140,4.46,3.17,4.76,-4.78
1668424059.63,140,5.56,3.97,4.76,-4.78
1668424059.63,140,5.53,0.98,4.76,-4.80
1668424059.63,140,2.56,0.74,4.76,-4.80
1668424059.63,140,-0.38,0.18,4.76,-4.80
1668424059.63,140,-2.41,0.76,-2.68,-3.70
1668424059.63,140,-2.15,-2.05,-2.69,-3.65
1668424059.63,140,-0.07,-0.98,4.76,-4.80
1668424059.63,140,2.09,-1.35,4.76,-4.80
1668424059.63,140,3.97,-1.76,4.76,-4.80
1668424059.63,140,5.60,-2.08,4.76,-4.80
1668424059.63,140,-1.89,-3.09,-1.83,-5.57
1668424059.63,140,-0.28,-3.04,4.76,-4.80
1668424059.63,140,2.06,-3.17,4.76,-4.80
1668424059.63,140,4.88,-2.81,4.76,-4.80
1668424059.63,140,6.60,-2.23,4.76,-4.80
1668424059.63,140,-2.42,-4.70,-2.59,-5.58
1668424059.63,140,-0.69,-4.50,4.76,-4.80
1668424059.63,140,1.67,-4.41,4.76,-4.80
1668424059.63,140,3.96,-5.02,4.76,-4.80
1668424059.63,140,5.74,-4.87,4.76,-4.81
1668424059.63,140,6.69,-3.95,4.76,-4.80
1668424059.63,140,-2.15,-6.27,-0.20,-7.50
1668424059.63,140,0.11,-6.07,4.76,-4.80
1668424059.63,140,2.15,-6.06,4.76,-4.80
1668424059.63,140,3.81,-5.48,4.76,-4.80
1668424059.63,140,6.94,-6.22,4.76,-4.80
1668424059.63,140,-1.95,-8.01,-0.21,-7.53
1668424059.63,140,-0.37,-7.74,0.77,-7.75
1668424059.63,140,1.26,-7.95,1.24,-7.84
1668424059.63,140,3.46,-7.91,1.79,-7.31
1668424059.63,140,5.29,-7.77,4.76,-4.80
1668424059.63,140,6.62,-7.85,4.76,-4.80
1668424059.63,140,-2.14,-9.32,-0.21,-7.53
1668424059.63,140,-0.48,-9.33,0.15,-9.29
1668424059.63,140,1.33,-8.87,1.24,-7.84
1668424059.63,140,3.71,-9.70,1.97,-9.78
1668424059.63,140,-0.60,-10.01,0.11,-9.27
1668424059.63,140,5.18,-9.42,2.68,-9.75
1668424059.63,140,7.35,-9.10,4.76,-4.80
1668424059.63,140,7.35,-9.10,4.76,-4.80
1668424059.63,150,-2.76,4.21,-2.68,-3.70
1668424059.63,150,-0.75,3.96,-2.68,-3.71
1668424059.63,150,1.10,4.31,4.76,-4.78
1668424059.63,150,3.42,4.45,4.76,-4.78
1668424059.63,150,5.17,4.86,4.76,-4.78
1668424059.63,150,-2.87,2.51,-2.68,-3.71
1668424059.63,150,-1.24,2.83,-2.68,-3.70
1668424059.63,150,1.44,2.83,4.76,-4.80
1668424059.63,150,3.24,3.18,4.76,-4.78
1668424059.63,150,4.46,3.17,4.76,-4.78
1668424059.63,150,5.56,3.97,4.76,-4.78
1668424059.63,150,5.53,0.98,4.76,-4.80
1668424059.63,150,2.56,0.74,4.76,-4.80
1668424059.63,150,-0.38,0.18,4.76,-4.80
1668424059.63,150,-2.41,0.76,-2.68,-3.71
1668424059.63,150,-2.15,-2.05,-1.83,-5.56
1668424059.63,150,-0.07,-0.98,4.76,-4.80
1668424059.63,150,2.09,-1.35,4.76,-4.80
1668424059.63,150,3.97,-1.76,4.76,-4.80
1668424059.63,150,5.60,-2.08,4.76,-4.80
1668424059.63,150,-1.89,-3.09,-1.83,-5.39
1668424059.63,150,-0.28,-3.04,4.76,-4.80
1668424059.63,150,2.06,-3.17,4.76,-4.80
1668424059.63,150,4.88,-2.81,4.76,-4.80
1668424059.63,150,6.60,-2.23,4.76,-4.80
1668424059.63,150,-2.42,-4.70,-1.81,-6.06
1668424059.63,150,-0.69,-4.50,4.76,-4.80
1668424059.63,150,1.67,-4.41,4.76,-4.80
1668424059.63,150,3.96,-5.02,4.76,-4.81
1668424059.63,150,5.74,-4.87,4.76,-4.80
1668424059.63,150,6.69,-3.95,4.76,-4.80
1668424059.63,150,-2.15,-6.27,0.79,-7.72
1668424059.63,150,0.11,-6.07,4.76,-4.80
1668424059.63,150,2.15,-6.06,4.76,-4.80
1668424059.63,150,3.81,-5.48,4.76,-4.80
1668424059.63,150,6.94,-6.22,4.76,-4.80
1668424059.63,150,-1.95,-8.01,0.74,-7.78
1668424059.63,150,-0.37,-7.74,1.79,-7.31
1668424059.63,150,1.26,-7.95,1.79,-7.31
1668424059.63,150,3.46,-7.91,4.76,-4.81
1668424059.63,150,5.29,-7.77,4.76,-4.80
1668424059.63,150,6.62,-7.85,4.76,-4.80
1668424059.63,150,-2.14,-9.32,0.19,-9.30
1668424059.63,150,-0.48,-9.33,1.69,-9.12
1668424059.63,150,1.33,-8.87,1.79,-7.31
1668424059.63,150,3.71,-9.70,4.76,-4.80
1668424059.63,150,-0.60,-10.01,2.00,-9.78
1668424059.63,150,5.18,-9.42,4.76,-4.80
1668424059.63,150,7.35,-9.10,4.76,-4.80
1668424059.63,150,7.35,-9.10,4.76,-4.80
1668424059.63,160,-2.76,4.21,-2.67,-3.82
1668424059.63,160,-0.75,3.96,-2.68,-3.76
1668424059.63,160,1.10,4.31,4.76,-4.81
1668424059.63,160,3.42,4.45,4.76,-4.78
1668424059.63,160,5.17,4.86,4.76,-4.78
1668424059.63,160,-2.87,2.51,-2.68,-3.74
1668424059.63,160,-1.24,2.83,-2.68,-3.72
1668424059.63,160,1.44,2.83,4.76,-4.80
1668424059.63,160,3.24,3.18,4.76,-4.78
1668424059.63,160,4.46,3.17,4.76,-4.78
1668424059.63,160,5.56,3.97,4.76,-4.78
1668424059.63,160,5.53,0.98,4.76,-4.78
1668424059.63,160,2.56,0.74,4.76,-4.80
1668424059.63,160,-0.38,0.18,4.76,-4.80
1668424059.63,160,-2.41,0.76,-2.68,-3.71
1668424059.63,160,-2.15,-2.05,4.76,-4.80
1668424059.63,160,-0.07,-0.98,4.76,-4.80
1668424059.63,160,2.09,-1.35,4.76,-4.80
1668424059.63,160,3.97,-1.76,4.76,-4.80
1668424059.63,160,5.60,-2.08,4.76,-4.80
1668424059.63,160,-1.89,-3.09,4.76,-4.80
1668424059.63,160,-0.28,-3.04,4.76,-4.80
1668424059.63,160,2.06,-3.17,4.76,-4.81
1668424059.63,160,4.88,-2.81,4.76,-4.80
1668424059.63,160,6.60,-2.23,4.76,-4.80
1668424059.63,160,-2.42,-4.70,4.76,-4.80
1668424059.63,160,-0.69,-4.50,4.76,-4.81
1668424059.63,160,1.67,-4.41,4.76,-4.81
1668424059.63,160,3.96,-5.02,4.76,-4.80
1668424059.63,160,5.74,-4.87,4.76,-4.80
1668424059.63,160,6.69,-3.95,4.76,-4.80
1668424059.63,160,-2.15,-6.27,4.76,-4.80
1668424059.63,160,0.11,-6.07,4.76,-4.80
1668424059.63,160,2.15,-6.06,4.76,-4.80
1668424059.63,160,3.81,-5.48,4.76,-4.80
1668424059.63,160,6.94,-6.22,4.76,-4.80
1668424059.63,160,-1.95,-8.01,1.79,-7.31
1668424059.63,160,-0.37,-7.74,4.76,-4.80
1668424059.63,160,1.26,-7.95,4.76,-4.80
1668424059.63,160,3.46,-7.91,4.76,-4.80
1668424059.63,160,5.29,-7.77,4.76,-4.80
1668424059.63,160,6.62,-7.85,4.76,-4.80
1668424059.63,160,-2.14,-9.32,1.97,-9.78
1668424059.63,160,-0.48,-9.33,1.90,-9.14
1668424059.63,160,1.33,-8.87,4.76,-4.81
1668424059.63,160,3.71,-9.70,4.76,-4.80
1668424059.63,160,-0.60,-10.01,2.01,-9.78
1668424059.63,160,5.18,-9.42,4.76,-4.80
1668424059.63,160,7.35,-9.10,4.76,-4.81
1668424059.63,160,7.35,-9.10,4.76,-4.81
1668424059.63,170,-2.76,4.21,-2.68,-3.72
1668424059.63,170,-0.75,3.96,-2.68,-3.71
1668424059.63,170,1.10,4.31,-2.68,-3.70
1668424059.63,170,3.42,4.45,4.76,-4.78
1668424059.63,170,5.17,4.86,4.76,-4.78
1668424059.63,170,-2.87,2.51,-2.68,-3.71
1668424059.63,170,-1.24,2.83,-2.68,-3.71
1668424059.63,170,1.44,2.83,-2.69,-3.65
1668424059.63,170,3.24,3.18,4.76,-4.78
1668424059.63,170,4.46,3.17,4.76,-4.78
1668424059.63,170,5.56,3.97,4.76,-4.78
1668424059.63,170,5.53,0.98,4.76,-4.78
1668424059.63,170,2.56,0.74,4.76,-4.80
1668424059.63,170,-0.38,0.18,4.76,-4.80
1668424059.63,170,-2.41,0.76,-2.68,-3.72
1668424059.63,170,-2.15,-2.05,4.76,-4.80
1668424059.63,170,-0.07,-0.98,4.76,-4.81
1668424059.63,170,2.09,-1.35,4.76,-4.80
1668424059.63,170,3.97,-1.76,4.76,-4.78
1668424059.63,170,5.60,-2.08,4.76,-4.80
1668424059.63,170,-1.89,-3.09,4.76,-4.81
1668424059.63,170,-0.28,-3.04,4.76,-4.81
1668424059.63,170,2.06,-3.17,4.76,-4.80
1668424059.63,170,4.88,-2.81,4.76,-4.80
1668424059.63,170,6.60,-2.23,4.76,-4.80
1668424059.63,170,-2.42,-4.70,4.76,-4.80
1668424059.63,170,-0.69,-4.50,4.76,-4.80
1668424059.63,170,1.67,-4.41,4.76,-4.81
1668424059.63,170,3.96,-5.02,4.76,-4.80
1668424059.63,170,5.74,-4.87,4.76,-4.80
1668424059.63,170,6.69,-3.95,4.76,-4.80
1668424059.63,170,-2.15,-6.27,4.76,-4.80
1668424059.63,170,0.11,-6.07,4.76,-4.81
1668424059.63,170,2.15,-6.06,4.76,-4.81
1668424059.63,170,3.81,-5.48,4.76,-4.80
1668424059.63,170,6.94,-6.22,4.76,-4.80
1668424059.63,170,-1.95,-8.01,1.97,-9.78
1668424059.63,170,-0.37,-7.74,4.76,-4.81
1668424059.63,170,1.26,-7.95,4.76,-4.81
1668424059.63,170,3.46,-7.91,4.76,-4.80
1668424059.63,170,5.29,-7.77,4.76,-4.80
1668424059.63,170,6.62,-7.85,4.76,-4.80
1668424059.63,170,-2.14,-9.32,2.23,-9.75
1668424059.63,170,-0.48,-9.33,4.76,-4.80
1668424059.63,170,1.33,-8.87,2.80,-5.03
1668424059.63,170,3.71,-9.70,4.76,-4.80
1668424059.63,170,-0.60,-10.01,4.76,-4.80
1668424059.63,170,5.18,-9.42,4.76,-4.81
1668424059.63,170,7.35,-9.10,4.76,-4.80
1668424059.63,170,7.35,-9.10,4.76,-4.80
1668424059.63,180,-2.76,4.21,4.76,-4.78
1668424059.63,180,-0.75,3.96,4.76,-4.80
1668424059.63,180,1.10,4.31,-2.69,-3.65
1668424059.63,180,3.42,4.45,4.76,-4.78
1668424059.63,180,5.17,4.86,4.76,-4.78
1668424059.63,180,-2.87,2.51,-2.68,-3.76
1668424059.63,180,-1.24,2.83,4.76,-4.80
1668424059.63,180,1.44,2.83,-nan,-nan
1668424059.63,180,3.24,3.18,4.76,-4.78
1668424059.63,180,4.46,3.17,4.76,-4.78
1668424059.63,180,5.56,3.97,4.76,-4.78
1668424059.63,180,5.53,0.98,4.76,-4.78
1668424059.63,180,2.56,0.74,4.76,-4.80
1668424059.63,180,-0.38,0.18,4.76,-4.80
1668424059.63,180,-2.41,0.76,4.76,-4.80
1668424059.63,180,-2.15,-2.05,4.76,-4.81
1668424059.63,180,-0.07,-0.98,4.76,-4.81
1668424059.63,180,2.09,-1.35,4.76,-4.80
1668424059.63,180,3.97,-1.76,4.76,-4.78
1668424059.63,180,5.60,-2.08,4.76,-4.78
1668424059.63,180,-1.89,-3.09,4.76,-4.81
1668424059.63,180,-0.28,-3.04,4.76,-4.80
1668424059.63,180,2.06,-3.17,4.76,-4.81
1668424059.63,180,4.88,-2.81,4.76,-4.78
1668424059.63,180,6.60,-2.23,4.76,-4.78
1668424059.63,180,-2.42,-4.70,4.76,-4.80
1668424059.63,180,-0.69,-4.50,4.76,-4.80
1668424059.63,180,1.67,-4.41,4.76,-4.80
1668424059.63,180,3.96,-5.02,4.76,-4.80
1668424059.63,180,5.74,-4.87,4.76,-4.80
1668424059.63,180,6.69,-3.95,4.76,-4.80
1668424059.63,180,-2.15,-6.27,4.76,-4.80
1668424059.63,180,0.11,-6.07,4.76,-4.80
1668424059.63,180,2.15,-6.06,4.76,-4.80
1668424059.63,180,3.81,-5.48,4.76,-4.81
1668424059.63,180,6.94,-6.22,4.76,-4.80
1668424059.63,180,-1.95,-8.01,4.76,-4.80
1668424059.63,180,-0.37,-7.74,4.76,-4.81
1668424059.63,180,1.26,-7.95,4.76,-4.80
1668424059.63,180,3.46,-7.91,4.76,-4.80
1668424059.63,180,5.29,-7.77,4.76,-4.80
1668424059.63,180,6.62,-7.85,4.76,-4.80
1668424059.63,180,-2.14,-9.32,4.76,-4.81
1668424059.63,180,-0.48,-9.33,4.76,-4.80
1668424059.63,180,1.33,-8.87,4.76,-4.80
1668424059.63,180,3.71,-9.70,4.76,-4.81
1668424059.63,180,-0.60,-10.01,4.76,-4.80
1668424059.63,180,5.18,-9.42,4.76,-4.80
1668424059.63,180,7.35,-9.10,4.76,-4.81
1668424059.63,180,7.35,-9.10,4.76,-4.81
1668424059.63,190,-2.76,4.21,4.60,2.31
1668424059.63,190,-0.75,3.96,4.76,-4.78
1668424059.63,190,1.10,4.31,4.76,-4.81
1668424059.63,190,3.42,4.45,4.76,-4.78
1668424059.63,190,5.17,4.86,4.76,-4.78
1668424059.63,190,-2.87,2.51,-1.83,-5.57
1668424059.63,190,-1.24,2.83,4.76,-4.80
1668424059.63,190,1.44,2.83,4.76,-4.80
1668424059.63,190,3.24,3.18,4.76,-4.78
1668424059.63,190,4.46,3.17,4.76,-4.78
1668424059.63,190,5.56,3.97,4.76,-4.78
1668424059.63,190,5.53,0.98,4.76,-4.78
1668424059.63,190,2.56,0.74,4.76,-4.80
1668424059.63,190,-0.38,0.18,4.76,-4.81
1668424059.63,190,-2.41,0.76,4.76,-4.80
1668424059.63,190,-2.15,-2.05,4.76,-4.80
1668424059.63,190,-0.07,-0.98,4.76,-4.80
1668424059.63,190,2.09,-1.35,4.76,-4.81
1668424059.63,190,3.97,-1.76,4.76,-4.78
1668424059.63,190,5.60,-2.08,4.76,-4.78
1668424059.63,190,-1.89,-3.09,4.76,-4.78
1668424059.63,190,-0.28,-3.04,4.76,-4.78
1668424059.63,190,2.06,-3.17,4.76,-4.80
1668424059.63,190,4.88,-2.81,4.76,-4.78
1668424059.63,190,6.60,-2.23,4.76,-4.78
1668424059.63,190,-2.42,-4.70,4.76,-4.80
1668424059.63,190,-0.69,-4.50,4.76,-4.81
1668424059.63,190,1.67,-4.41,4.76,-4.78
1668424059.63,190,3.96,-5.02,4.76,-4.78
1668424059.63,190,5.74,-4.87,4.76,-4.78
1668424059.63,190,6.69,-3.95,4.76,-4.78
1668424059.63,190,-2.15,-6.27,4.76,-4.80
1668424059.63,190,0.11,-6.07,4.76,-4.78
1668424059.63,190,2.15,-6.06,4.76,-4.78
1668424059.63,190,3.81,-5.48,4.76,-4.78
1668424059.63,190,6.94,-6.22,4.76,-4.80
1668424059.63,190,-1.95,-8.01,4.76,-4.80
1668424059.63,190,-0.37,-7.74,4.76,-4.78
1668424059.63,190,1.26,-7.95,4.76,-4.80
1668424059.63,190,3.46,-7.91,4.76,-4.80
1668424059.63,190,5.29,-7.77,4.76,-4.80
1668424059.63,190,6.62,-7.85,4.76,-4.80
1668424059.63,190,-2.14,-9.32,4.76,-4.81
1668424059.63,190,-0.48,-9.33,4.76,-4.80
1668424059.63,190,1.33,-8.87,4.76,-4.78
1668424059.63,190,3.71,-9.70,4.76,-4.80
1668424059.63,190,-0.60,-10.01,4.76,-4.79
1668424059.63,190,5.18,-9.42,4.76,-4.80
1668424059.63,190,7.35,-9.10,4.76,-4.80
1668424059.63,190,7.35,-9.10,4.76,-4.80
1668424059.63,200,-2.76,4.21,4.60,2.33
1668424059.63,200,-0.75,3.96,4.60,2.31
1668424059.63,200,1.10,4.31,4.76,-4.78
1668424059.63,200,3.42,4.45,4.76,-4.78
1668424059.63,200,5.17,4.86,4.76,-4.78
1668424059.63,200,-2.87,2.51,4.76,-4.78
1668424059.63,200,-1.24,2.83,4.76,-4.81
1668424059.63,200,1.44,2.83,4.76,-4.80
1668424059.63,200,3.24,3.18,4.76,-4.78
1668424059.63,200,4.46,3.17,4.76,-4.78
1668424059.63,200,5.56,3.97,4.76,-4.78
1668424059.63,200,5.53,0.98,4.76,-4.78
1668424059.63,200,2.56,0.74,4.76,-4.78
1668424059.63,200,-0.38,0.18,4.76,-4.80
1668424059.63,200,-2.41,0.76,4.76,-4.78
1668424059.63,200,-2.15,-2.05,4.76,-4.78
1668424059.63,200,-0.07,-0.98,4.76,-4.78
1668424059.63,200,2.09,-1.35,4.76,-4.78
1668424059.63,200,3.97,-1.76,4.76,-4.78
1668424059.63,200,5.60,-2.08,4.76,-4.78
1668424059.63,200,-1.89,-3.09,4.76,-4.78
1668424059.63,200,-0.28,-3.04,4.76,-4.78
1668424059.63,200,2.06,-3.17,4.76,-4.78
1668424059.63,200,4.88,-2.81,4.76,-4.78
1668424059.63,200,6.60,-2.23,4.76,-4.78
1668424059.63,200,-2.42,-4.70,4.76,-4.78
1668424059.63,200,-0.69,-4.50,4.76,-4.78
1668424059.63,200,1.67,-4.41,4.76,-4.78
1668424059.63,200,3.96,-5.02,4.76,-4.78
1668424059.63,200,5.74,-4.87,4.76,-4.78
1668424059.63,200,6.69,-3.95,4.76,-4.78
1668424059.63,200,-2.15,-6.27,4.76,-4.78
1668424059.63,200,0.11,-6.07,4.76,-4.78
1668424059.63,200,2.15,-6.06,4.76,-4.78
1668424059.63,200,3.81,-5.48,4.76,-4.78
1668424059.63,200,6.94,-6.22,4.76,-4.78
1668424059.63,200,-1.95,-8.01,4.76,-4.78
1668424059.63,200,-0.37,-7.74,4.76,-4.78
1668424059.63,200,1.26,-7.95,4.76,-4.78
1668424059.63,200,3.46,-7.91,4.76,-4.78
1668424059.63,200,5.29,-7.77,4.76,-4.80
1668424059.63,200,6.62,-7.85,4.76,-4.80
1668424059.63,200,-2.14,-9.32,4.76,-4.81
1668424059.63,200,-0.48,-9.33,4.76,-4.80
1668424059.63,200,1.33,-8.87,4.76,-4.78
1668424059.63,200,3.71,-9.70,4.76,-4.80
1668424059.63,200,-0.60,-10.01,4.76,-4.80
1668424059.63,200,5.18,-9.42,4.76,-4.80
1668424059.63,200,7.35,-9.10,4.76,-4.80
1668424059.63,200,7.35,-9.10,4.76,-4.80
1668424059.63,210,-2.76,4.21,5.17,2.71
1668424059.63,210,-0.75,3.96,4.60,2.33
1668424059.63,210,1.10,4.31,4.60,2.31
1668424059.63,210,3.42,4.45,5.39,0.51
1668424059.63,210,5.17,4.86,4.76,-4.78
1668424059.63,210,-2.87,2.51,5.17,2.71
1668424059.63,210,-1.24,2.83,4.60,2.32
1668424059.63,210,1.44,2.83,4.76,-4.78
1668424059.63,210,3.24,3.18,4.76,-4.78
1668424059.63,210,4.46,3.17,4.76,-4.78
1668424059.63,210,5.56,3.97,4.76,-4.78
1668424059.63,210,5.53,0.98,4.76,-4.78
1668424059.63,210,2.56,0.74,4.76,-4.78
1668424059.63,210,-0.38,0.18,4.76,-4.78
1668424059.63,210,-2.41,0.76,5.17,2.71
1668424059.63,210,-2.15,-2.05,4.76,-4.78
1668424059.63,210,-0.07,-0.98,4.76,-4.78
1668424059.63,210,2.09,-1.35,4.76,-4.78
1668424059.63,210,3.97,-1.76,4.76,-4.78
1668424059.63,210,5.60,-2.08,4.76,-4.78
1668424059.63,210,-1.89,-3.09,4.76,-4.78
1668424059.63,210,-0.28,-3.04,4.76,-4.78
1668424059.63,210,2.06,-3.17,4.76,-4.78
1668424059.63,210,4.88,-2.81,4.76,-4.78
1668424059.63,210,6.60,-2.23,4.76,-4.78
1668424059.63,210,-2.42,-4.70,4.76,-4.78
1668424059.63,210,-0.69,-4.50,4.76,-4.78
1668424059.63,210,1.67,-4.41,4.76,-4.78
1668424059.63,210,3.96,-5.02,4.76,-4.78
1668424059.63,210,5.74,-4.87,4.76,-4.78
1668424059.63,210,6.69,-3.95,4.76,-4.78
1668424059.63,210,-2.15,-6.27,4.76,-4.78
1668424059.63,210,0.11,-6.07,4.76,-4.78
1668424059.63,210,2.15,-6.06,4.76,-4.78
1668424059.63,210,3.81,-5.48,4.76,-4.78
1668424059.63,210,6.94,-6.22,4.76,-4.78
1668424059.63,210,-1.95,-8.01,4.76,-4.78
1668424059.63,210,-0.37,-7.74,4.76,-4.78
1668424059.63,210,1.26,-7.95,4.76,-4.78
1668424059.63,210,3.46,-7.91,4.76,-4.78
1668424059.63,210,5.29,-7.77,4.76,-4.78
1668424059.63,210,6.62,-7.85,4.76,-4.78
1668424059.63,210,-2.14,-9.32,4.76,-4.78
1668424059.63,210,-0.48,-9.33,4.76,-4.78
1668424059.63,210,1.33,-8.87,4.76,-4.78
1668424059.63,210,3.71,-9.70,4.76,-4.80
1668424059.63,210,-0.60,-10.01,4.76,-4.78
1668424059.63,210,5.18,-9.42,4.76,-4.80
1668424059.63,210,7.35,-9.10,4.76,-4.80
1668424059.63,210,7.35,-9.10,4.76,-4.80
1668424059.63,220,-2.76,4.21,5.17,2.71
1668424059.63,220,-0.75,3.96,5.17,2.71
1668424059.63,220,1.10,4.31,4.61,2.33
1668424059.63,220,3.42,4.45,4.60,2.31
1668424059.63,220,5.17,4.86,5.16,1.33
1668424059.63,220,-2.87,2.51,5.17,2.71
1668424059.63,220,-1.24,2.83,4.62,2.33
1668424059.63,220,1.44,2.83,4.60,2.31
1668424059.63,220,3.24,3.18,4.60,2.31
1668424059.63,220,4.46,3.17,5.39,0.51
1668424059.63,220,5.56,3.97,4.78,-4.63
1668424059.63,220,5.53,0.98,4.76,-4.78
1668424059.63,220,2.56,0.74,4.76,-4.78
1668424059.63,220,-0.38,0.18,4.70,2.32
1668424059.63,220,-2.41,0.76,5.17,2.71
1668424059.63,220,-2.15,-2.05,4.76,-4.78
1668424059.63,220,-0.07,-0.98,4.76,-4.78
1668424059.63,220,2.09,-1.35,4.76,-4.78
1668424059.63,220,3.97,-1.76,4.76,-4.78
1668424059.63,220,5.60,-2.08,4.76,-4.78
1668424059.63,220,-1.89,-3.09,4.76,-4.78
1668424059.63,220,-0.28,-3.04,4.76,-4.78
1668424059.63,220,2.06,-3.17,4.76,-4.78
1668424059.63,220,4.88,-2.81,4.76,-4.78
1668424059.63,220,6.60,-2.23,4.76,-4.78
1668424059.63,220,-2.42,-4.70,4.76,-4.78
1668424059.63,220,-0.69,-4.50,4.76,-4.78
1668424059.63,220,1.67,-4.41,4.76,-4.78
1668424059.63,220,3.96,-5.02,4.76,-4.78
1668424059.63,220,5.74,-4.87,4.76,-4.78
1668424059.63,220,6.69,-3.95,4.76,-4.78
1668424059.63,220,-2.15,-6.27,4.76,-4.78
1668424059.63,220,0.11,-6.07,4.76,-4.78
1668424059.63,220,2.15,-6.06,4.76,-4.78
1668424059.63,220,3.81,-5.48,4.76,-4.78
1668424059.63,220,6.94,-6.22,4.76,-4.78
1668424059.63,220,-1.95,-8.01,4.76,-4.78
1668424059.63,220,-0.37,-7.74,4.76,-4.78
1668424059.63,220,1.26,-7.95,4.76,-4.78
1668424059.63,220,3.46,-7.91,4.76,-4.78
1668424059.63,220,5.29,-7.77,4.76,-4.78
1668424059.63,220,6.62,-7.85,4.76,-4.78
1668424059.63,220,-2.14,-9.32,4.76,-4.80
1668424059.63,220,-0.48,-9.33,4.76,-4.80
1668424059.63,220,1.33,-8.87,4.76,-4.78
1668424059.63,220,3.71,-9.70,4.76,-4.81
1668424059.63,220,-0.60,-10.01,4.76,-4.80
1668424059.63,220,5.18,-9.42,4.76,-4.80
1668424059.63,220,7.35,-9.10,4.76,-4.80
1668424059.63,220,7.35,-9.10,4.76,-4.80
1668424059.63,230,-2.76,4.21,5.18,2.72
1668424059.63,230,-0.75,3.96,5.15,2.70
1668424059.63,230,1.10,4.31,4.60,2.33
1668424059.63,230,3.42,4.45,4.60,2.33
1668424059.63,230,5.17,4.86,4.60,2.31
1668424059.63,230,-2.87,2.51,5.18,2.72
1668424059.63,230,-1.24,2.83,5.17,2.71
1668424059.63,230,1.44,2.83,4.62,2.33
1668424059.63,230,3.24,3.18,4.60,2.31
1668424059.63,230,4.46,3.17,4.60,2.32
1668424059.63,230,5.56,3.97,4.60,2.31
1668424059.63,230,5.53,0.98,4.76,-4.78
1668424059.63,230,2.56,0.74,4.76,-4.78
1668424059.63,230,-0.38,0.18,4.76,-4.78
1668424059.63,230,-2.41,0.76,5.18,2.72
1668424059.63,230,-2.15,-2.05,4.76,-4.78
1668424059.63,230,-0.07,-0.98,4.76,-4.78
1668424059.63,230,2.09,-1.35,4.76,-4.78
1668424059.63,230,3.97,-1.76,4.76,-4.78
1668424059.63,230,5.60,-2.08,4.76,-4.78
1668424059.63,230,-1.89,-3.09,4.76,-4.78
1668424059.63,230,-0.28,-3.04,4.76,-4.78
1668424059.63,230,2.06,-3.17,4.76,-4.78
1668424059.63,230,4.88,-2.81,4.76,-4.78
1668424059.63,230,6.60,-2.23,6.31,-1.98
1668424059.63,230,-2.42,-4.70,4.76,-4.78
1668424059.63,230,-0.69,-4.50,4.76,-4.78
1668424059.63,230,1.67,-4.41,4.76,-4.78
1668424059.63,230,3.96,-5.02,4.76,-4.78
1668424059.63,230,5.74,-4.87,4.76,-4.78
1668424059.63,230,6.69,-3.95,6.40,-3.52
1668424059.63,230,-2.15,-6.27,4.76,-4.78
1668424059.63,230,0.11,-6.07,4.76,-4.78
1668424059.63,230,2.15,-6.06,4.76,-4.78
1668424059.63,230,3.81,-5.48,4.76,-4.78
1668424059.63,230,6.94,-6.22,6.62,-6.23
1668424059.63,230,-1.95,-8.01,4.76,-4.78
1668424059.63,230,-0.37,-7.74,4.76,-4.78
1668424059.63,230,1.26,-7.95,4.76,-4.78
1668424059.63,230,3.46,-7.91,4.76,-4.78
1668424059.63,230,5.29,-7.77,4.76,-4.78
1668424059.63,230,6.62,-7.85,4.76,-4.78
1668424059.63,230,-2.14,-9.32,4.76,-4.80
1668424059.63,230,-0.48,-9.33,4.76,-4.80
1668424059.63,230,1.33,-8.87,4.76,-4.78
1668424059.63,230,3.71,-9.70,4.76,-4.80
1668424059.63,230,-0.60,-10.01,4.76,-4.80
1668424059.63,230,5.18,-9.42,4.76,-4.78
1668424059.63,230,7.35,-9.10,4.76,-4.78
1668424059.63,230,7.35,-9.10,4.76,-4.78
1668424059.63,240,-2.76,4.21,5.18,2.72
1668424059.63,240,-0.75,3.96,5.18,2.72
1668424059.63,240,1.10,4.31,5.17,2.71
1668424059.63,240,3.42,4.45,4.62,2.33
1668424059.63,240,5.17,4.86,4.72,2.32
1668424059.63,240,-2.87,2.51,5.18,2.72
1668424059.63,240,-1.24,2.83,5.18,2.72
1668424059.63,240,1.44,2.83,5.17,2.71
1668424059.63,240,3.24,3.18,4.61,2.33
1668424059.63,240,4.46,3.17,4.62,2.33
1668424059.63,240,5.56,3.97,4.60,2.33
1668424059.63,240,5.53,0.98,4.60,2.31
1668424059.63,240,2.56,0.74,4.74,-2.73
1668424059.63,240,-0.38,0.18,4.76,-4.78
1668424059.63,240,-2.41,0.76,5.18,2.72
1668424059.63,240,-2.15,-2.05,4.76,-4.78
1668424059.63,240,-0.07,-0.98,-nan,-nan
1668424059.63,240,2.09,-1.35,4.76,-4.78
1668424059.63,240,3.97,-1.76,4.76,-4.78
1668424059.63,240,5.60,-2.08,4.76,-4.78
1668424059.63,240,-1.89,-3.09,4.76,-4.78
1668424059.63,240,-0.28,-3.04,4.76,-4.78
1668424059.63,240,2.06,-3.17,4.76,-4.78
1668424059.63,240,4.88,-2.81,4.76,-4.78
1668424059.63,240,6.60,-2.23,6.92,-2.49
1668424059.63,240,-2.42,-4.70,4.76,-4.78
1668424059.63,240,-0.69,-4.50,4.76,-4.78
1668424059.63,240,1.67,-4.41,4.76,-4.78
1668424059.63,240,3.96,-5.02,4.76,-4.78
1668424059.63,240,5.74,-4.87,4.76,-4.78
1668424059.63,240,6.69,-3.95,7.05,-4.80
1668424059.63,240,-2.15,-6.27,4.76,-4.78
1668424059.63,240,0.11,-6.07,4.76,-4.78
1668424059.63,240,2.15,-6.06,4.76,-4.78
1668424059.63,240,3.81,-5.48,4.76,-4.78
1668424059.63,240,6.94,-6.22,7.12,-5.52
1668424059.63,240,-1.95,-8.01,4.76,-4.78
1668424059.63,240,-0.37,-7.74,4.76,-4.78
1668424059.63,240,1.26,-7.95,4.76,-4.78
1668424059.63,240,3.46,-7.91,4.76,-4.78
1668424059.63,240,5.29,-7.77,4.76,-4.78
1668424059.63,240,6.62,-7.85,6.67,-5.90
1668424059.63,240,-2.14,-9.32,4.76,-4.80
1668424059.63,240,-0.48,-9.33,4.76,-4.80
1668424059.63,240,1.33,-8.87,4.76,-4.78
1668424059.63,240,3.71,-9.70,4.76,-4.78
1668424059.63,240,-0.60,-10.01,4.76,-4.80
1668424059.63,240,5.18,-9.42,4.76,-4.78
1668424059.63,240,7.35,-9.10,4.76,-4.78
1668424059.63,240,7.35,-9.10,4.76,-4.78
1668424059.63,250,-2.76,4.21,5.18,2.72
1668424059.63,250,-0.75,3.96,5.18,2.72
1668424059.63,250,1.10,4.31,5.17,2.71
1668424059.63,250,3.42,4.45,5.17,2.71
1668424059.63,250,5.17,4.86,4.64,2.33
1668424059.63,250,-2.87,2.51,-0.42,-0.32
1668424059.63,250,-1.24,2.83,5.18,2.72
1668424059.63,250,1.44,2.83,5.17,2.71
1668424059.63,250,3.24,3.18,5.17,2.71
1668424059.63,250,4.46,3.17,4.64,2.33
1668424059.63,250,5.56,3.97,4.60,2.33
1668424059.63,250,5.53,0.98,4.60,2.31
1668424059.63,250,2.56,0.74,4.62,2.33
1668424059.63,250,-0.38,0.18,4.76,-4.78
1668424059.63,250,-2.41,0.76,-0.42,-0.32
1668424059.63,250,-2.15,-2.05,-nan,-nan
1668424059.63,250,-0.07,-0.98,4.76,-4.78
1668424059.63,250,2.09,-1.35,4.76,-4.78
1668424059.63,250,3.97,-1.76,4.76,-4.78
1668424059.63,250,5.60,-2.08,4.76,-4.78
1668424059.63,250,-1.89,-3.09,-nan,-nan
1668424059.63,250,-0.28,-3.04,-nan,-nan
1668424059.63,250,2.06,-3.17,4.76,-4.78
1668424059.63,250,4.88,-2.81,4.76,-4.78
1668424059.63,250,6.60,-2.23,4.76,-4.78
1668424059.63,250,-2.42,-4.70,-0.42,-0.32
1668424059.63,250,-0.69,-4.50,4.76,-4.78
1668424059.63,250,1.67,-4.41,4.76,-4.78
1668424059.63,250,3.96,-5.02,4.76,-4.78
1668424059.63,250,5.74,-4.87,4.76,-4.78
1668424059.63,250,6.69,-3.95,4.76,-4.78
1668424059.63,250,-2.15,-6.27,-nan,-nan
1668424059.63,250,0.11,-6.07,-nan,-nan
1668424059.63,250,2.15,-6.06,4.76,-4.78
1668424059.63,250,3.81,-5.48,4.76,-4.78
1668424059.63,250,6.94,-6.22,7.08,-5.42
1668424059.63,250,-1.95,-8.01,4.76,-4.78
1668424059.63,250,-0.37,-7.74,4.76,-4.78
1668424059.63,250,1.26,-7.95,4.76,-4.78
1668424059.63,250,3.46,-7.91,4.76,-4.78
1668424059.63,250,5.29,-7.77,4.76,-4.78
1668424059.63,250,6.62,-7.85,7.12,-5.52
1668424059.63,250,-2.14,-9.32,4.76,-4.80
1668424059.63,250,-0.48,-9.33,4.76,-4.80
1668424059.63,250,1.33,-8.87,4.76,-4.78
1668424059.63,250,3.71,-9.70,4.76,-4.78
1668424059.63,250,-0.60,-10.01,4.76,-4.80
1668424059.63,250,5.18,-9.42,6.61,-6.23
1668424059.63,250,7.35,-9.10,-nan,-nan
1668424059.63,250,7.35,-9.10,-nan,-nan
1668424059.63,260,-2.76,4.21,-0.42,-0.32
1668424059.63,260,-0.75,3.96,5.18,2.72
1668424059.63,260,1.10,4.31,5.18,2.72
1668424059.63,260,3.42,4.45,5.17,2.71
1668424059.63,260,5.17,4.86,5.17,2.71
1668424059.63,260,-2.87,2.51,-0.42,-0.32
1668424059.63,260,-1.24,2.83,-0.42,-0.30
1668424059.63,260,1.44,2.83,5.18,2.72
1668424059.63,260,3.24,3.18,5.17,2.71
1668424059.63,260,4.46,3.17,5.17,2.71
1668424059.63,260,5.56,3.97,5.17,2.71
1668424059.63,260,5.53,0.98,4.60,2.33
1668424059.63,260,2.56,0.74,5.17,2.71
1668424059.63,260,-0.38,0.18,4.76,-4.78
1668424059.63,260,-2.41,0.76,-0.42,-0.32
1668424059.63,260,-2.15,-2.05,-0.42,-0.32
1668424059.63,260,-0.07,-0.98,4.76,-4.78
1668424059.63,260,2.09,-1.35,4.76,-4.78
1668424059.63,260,3.97,-1.76,4.76,-4.78
1668424059.63,260,5.60,-2.08,4.76,-4.78
1668424059.63,260,-1.89,-3.09,-nan,-nan
1668424059.63,260,-0.28,-3.04,-nan,-nan
1668424059.63,260,2.06,-3.17,4.76,-4.78
1668424059.63,260,4.88,-2.81,4.76,-4.78
1668424059.63,260,6.60,-2.23,4.76,-4.78
1668424059.63,260,-2.42,-4.70,-0.42,-0.32
1668424059.63,260,-0.69,-4.50,4.76,-4.78
1668424059.63,260,1.67,-4.41,4.76,-4.78
1668424059.63,260,3.96,-5.02,4.76,-4.78
1668424059.63,260,5.74,-4.87,4.76,-4.78
1668424059.63,260,6.69,-3.95,4.76,-4.78
1668424059.63,260,-2.15,-6.27,-0.42,-0.32
1668424059.63,260,0.11,-6.07,4.76,-4.78
1668424059.63,260,2.15,-6.06,4.76,-4.78
1668424059.63,260,3.81,-5.48,4.76,-4.78
1668424059.63,260,6.94,-6.22,4.76,-4.78
1668424059.63,260,-1.95,-8.01,-0.42,-0.32
1668424059.63,260,-0.37,-7.74,4.76,-4.78
1668424059.63,260,1.26,-7.95,4.76,-4.78
1668424059.63,260,3.46,-7.91,4.76,-4.78
1668424059.63,260,5.29,-7.77,4.76,-4.78
1668424059.63,260,6.62,-7.85,4.76,-4.78
1668424059.63,260,-2.14,-9.32,4.76,-4.80
1668424059.63,260,-0.48,-9.33,4.76,-4.78
1668424059.63,260,1.33,-8.87,6.67,-5.89
1668424059.63,260,3.71,-9.70,7.11,-5.51
1668424059.63,260,-0.60,-10.01,4.76,-4.81
1668424059.63,260,5.18,-9.42,7.12,-5.51
1668424059.63,260,7.35,-9.10,7.08,-5.38
1668424059.63,260,7.35,-9.10,7.08,-5.38
1668424059.63,270,-2.76,4.21,-0.42,-0.32
1668424059.63,270,-0.75,3.96,-0.42,-0.32
1668424059.63,270,1.10,4.31,5.18,2.72
1668424059.63,270,3.42,4.45,5.18,2.72
1668424059.63,270,5.17,4.86,5.17,2.71
1668424059.63,270,-2.87,2.51,-0.42,-0.32
1668424059.63,270,-1.24,2.83,-0.42,-0.32
1668424059.63,270,1.44,2.83,5.18,2.72
1668424059.63,270,3.24,3.18,5.18,2.72
1668424059.63,270,4.46,3.17,5.17,2.71
1668424059.63,270,5.56,3.97,5.17,2.71
1668424059.63,270,5.53,0.98,-0.42,-0.12
1668424059.63,270,2.56,0.74,-0.42,-0.12
1668424059.63,270,-0.38,0.18,4.76,-4.78
1668424059.63,270,-2.41,0.76,-0.42,-0.32
1668424059.63,270,-2.15,-2.05,-nan,-nan
1668424059.63,270,-0.07,-0.98,4.76,-4.78
1668424059.63,270,2.09,-1.35,0.80,-0.04
1668424059.63,270,3.97,-1.76,1.27,-0.04
1668424059.63,270,5.60,-2.08,1.58,-0.04
1668424059.63,270,-1.89,-3.09,-nan,-nan
1668424059.63,270,-0.28,-3.04,-nan,-nan
1668424059.63,270,2.06,-3.17,5.31,-3.28
1668424059.63,270,4.88,-2.81,1.72,-0.04
1668424059.63,270,6.60,-2.23,1.39,-0.04
1668424059.63,270,-2.42,-4.70,4.76,-4.78
1668424059.63,270,-0.69,-4.50,4.76,-4.78
1668424059.63,270,1.67,-4.41,4.76,-4.78
1668424059.63,270,3.96,-5.02,4.77,-4.72
1668424059.63,270,5.74,-4.87,4.77,-4.72
1668424059.63,270,6.69,-3.95,1.96,0.20
1668424059.63,270,-2.15,-6.27,-0.42,-0.32
1668424059.63,270,0.11,-6.07,4.76,-4.78
1668424059.63,270,2.15,-6.06,4.76,-4.78
1668424059.63,270,3.81,-5.48,4.77,-4.70
1668424059.63,270,6.94,-6.22,5.31,-3.22
1668424059.63,270,-1.95,-8.01,-0.42,-0.32
1668424059.63,270,-0.37,-7.74,4.76,-4.78
1668424059.63,270,1.26,-7.95,4.76,-4.78
1668424059.63,270,3.46,-7.91,4.76,-4.78
1668424059.63,270,5.29,-7.77,4.78,-4.66
1668424059.63,270,6.62,-7.85,4.76,-4.75
1668424059.63,270,-2.14,-9.32,-0.42,-0.32
1668424059.63,270,-0.48,-9.33,4.76,-4.78
1668424059.63,270,1.33,-8.87,4.76,-4.78
1668424059.63,270,3.71,-9.70,4.76,-4.78
1668424059.63,270,-0.60,-10.01,4.76,-4.78
1668424059.63,270,5.18,-9.42,4.76,-4.78
1668424059.63,270,7.35,-9.10,4.78,-4.63
1668424059.63,270,7.35,-9.10,4.78,-4.63
1668424059.63,280,-2.76,4.21,-0.42,-0.32
1668424059.63,280,-0.75,3.96,-0.42,-0.32
1668424059.63,280,1.10,4.31,-0.42,-0.32
1668424059.63,280,3.42,4.45,5.18,2.72
1668424059.63,280,5.17,4.86,5.17,2.72
1668424059.63,280,-2.87,2.51,-0.42,-0.32
1668424059.63,280,-1.24,2.83,-0.42,-0.31
1668424059.63,280,1.44,2.83,-0.42,-0.32
1668424059.63,280,3.24,3.18,5.18,2.72
1668424059.63,280,4.46,3.17,5.18,2.72
1668424059.63,280,5.56,3.97,5.16,2.71
1668424059.63,280,5.53,0.98,-0.42,-0.30
1668424059.63,280,2.56,0.74,-0.42,-0.31
1668424059.63,280,-0.38,0.18,-0.42,-0.32
1668424059.63,280,-2.41,0.76,-0.42,-0.32
1668424059.63,280,-2.15,-2.05,-0.42,-0.32
1668424059.63,280,-0.07,-0.98,-0.42,-0.32
1668424059.63,280,2.09,-1.35,-0.42,-0.23
1668424059.63,280,3.97,-1.76,-0.42,-0.17
1668424059.63,280,5.60,-2.08,-0.42,-0.19
1668424059.63,280,-1.89,-3.09,-0.42,-0.32
1668424059.63,280,-0.28,-3.04,-0.42,-0.15
1668424059.63,280,2.06,-3.17,-0.43,-0.03
1668424059.63,280,4.88,-2.81,-0.42,-0.17
1668424059.63,280,6.60,-2.23,-0.42,-0.15
1668424059.63,280,-2.42,-4.70,-0.42,-0.32
1668424059.63,280,-0.69,-4.50,4.76,-4.78
1668424059.63,280,1.67,-4.41,1.92,0.15
1668424059.63,280,3.96,-5.02,0.74,-0.04
1668424059.63,280,5.74,-4.87,0.12,-0.06
1668424059.63,280,6.69,-3.95,-0.43,-0.08
1668424059.63,280,-2.15,-6.27,-0.42,-0.32
1668424059.63,280,0.11,-6.07,4.78,-4.63
1668424059.63,280,2.15,-6.06,5.31,-3.22
1668424059.63,280,3.81,-5.48,1.73,-0.04
1668424059.63,280,6.94,-6.22,0.49,-0.05
1668424059.63,280,-1.95,-8.01,-0.42,-0.32
1668424059.63,280,-0.37,-7.74,-0.42,-0.32
1668424059.63,280,1.26,-7.95,4.76,-4.75
1668424059.63,280,3.46,-7.91,1.94,0.18
1668424059.63,280,5.29,-7.77,1.72,-0.04
1668424059.63,280,6.62,-7.85,1.41,-0.03
1668424059.63,280,-2.14,-9.32,-0.42,-0.32
1668424059.63,280,-0.48,-9.33,-0.42,-0.32
1668424059.63,280,1.33,-8.87,5.33,-3.27
1668424059.63,280,3.71,-9.70,5.32,-3.46
1668424059.63,280,-0.60,-10.01,-nan,-nan
1668424059.63,280,5.18,-9.42,1.81,-0.01
1668424059.63,280,7.35,-9.10,1.61,-0.04
1668424059.63,280,7.35,-9.10,1.61,-0.04
1668424059.63,290,-2.76,4.21,-0.42,-0.32
1668424059.63,290,-0.75,3.96,-0.42,-0.32
1668424059.63,290,1.10,4.31,-0.42,-0.32
1668424059.63,290,3.42,4.45,5.18,2.72
1668424059.63,290,5.17,4.86,5.18,2.72
1668424059.63,290,-2.87,2.51,-0.42,-0.32
1668424059.63,290,-1.24,2.83,-0.42,-0.32
1668424059.63,290,1.44,2.83,-0.42,-0.32
1668424059.63,290,3.24,3.18,-0.42,-0.32
1668424059.63,290,4.46,3.17,5.18,2.72
1668424059.63,290,5.56,3.97,5.18,2.72
1668424059.63,290,5.53,0.98,-0.42,-0.32
1668424059.63,290,2.56,0.74,-0.42,-0.32
1668424059.63,290,-0.38,0.18,-0.42,-0.32
1668424059.63,290,-2.41,0.76,-0.42,-0.32
1668424059.63,290,-2.15,-2.05,-0.42,-0.32
1668424059.63,290,-0.07,-0.98,-0.42,-0.32
1668424059.63,290,2.09,-1.35,-0.42,-0.29
1668424059.63,290,3.97,-1.76,-0.42,-0.27
1668424059.63,290,5.60,-2.08,-0.42,-0.28
1668424059.63,290,-1.89,-3.09,-0.42,-0.32
1668424059.63,290,-0.28,-3.04,-0.42,-0.22
1668424059.63,290,2.06,-3.17,-0.42,-0.25
1668424059.63,290,4.88,-2.81,-0.42,-0.28
1668424059.63,290,6.60,-2.23,-0.42,-0.27
1668424059.63,290,-2.42,-4.70,-0.42,-0.32
1668424059.63,290,-0.69,-4.50,-0.42,-0.25
1668424059.63,290,1.67,-4.41,-0.42,-0.19
1668424059.63,290,3.96,-5.02,-0.42,-0.25
1668424059.63,290,5.74,-4.87,-0.42,-0.27
1668424059.63,290,6.69,-3.95,-0.42,-0.27
1668424059.63,290,-2.15,-6.27,-0.42,-0.32
1668424059.63,290,0.11,-6.07,-0.37,-0.02
1668424059.63,290,2.15,-6.06,-0.42,-0.13
1668424059.63,290,3.81,-5.48,-0.42,-0.24
1668424059.63,290,6.94,-6.22,-0.42,-0.27
1668424059.63,290,-1.95,-8.01,-0.42,-0.32
1668424059.63,290,-0.37,-7.74,-0.42,-0.32
1668424059.63,290,1.26,-7.95,-0.42,-0.02
1668424059.63,290,3.46,-7.91,-0.42,-0.13
1668424059.63,290,5.29,-7.77,-0.42,-0.24
1668424059.63,290,6.62,-7.85,-0.42,-0.25
1668424059.63,290,-2.14,-9.32,-nan,-nan
1668424059.63,290,-0.48,-9.33,-0.42,-0.34
1668424059.63,290,1.33,-8.87,-0.38,-0.02
1668424059.63,290,3.71,-9.70,-0.42,-0.10
1668424059.63,290,-0.60,-10.01,-0.42,-0.34
1668424059.63,290,5.18,-9.42,-0.42,-0.24
1668424059.63,290,7.35,-9.10,-0.42,-0.19
1668424059.63,290,7.35,-9.10,-0.42,-0.19
1668424059.63,300,-2.76,4.21,2.84,4.33
1668424059.63,300,-0.75,3.96,-0.42,-0.32
1668424059.63,300,1.10,4.31,-0.42,-0.32
1668424059.63,300,3.42,4.45,-0.42,-0.32
1668424059.63,300,5.17,4.86,5.18,2.72
1668424059.63,300,-2.87,2.51,-0.42,-0.32
1668424059.63,300,-1.24,2.83,-0.42,-0.32
1668424059.63,300,1.44,2.83,-0.42,-0.32
1668424059.63,300,3.24,3.18,-0.42,-0.32
1668424059.63,300,4.46,3.17,-0.42,-0.32
1668424059.63,300,5.56,3.97,5.18,2.72
1668424059.63,300,5.53,0.98,-0.42,-0.32
1668424059.63,300,2.56,0.74,-0.42,-0.32
1668424059.63,300,-0.38,0.18,-0.42,-0.32
1668424059.63,300,-2.41,0.76,-0.42,-0.32
1668424059.63,300,-2.15,-2.05,-0.42,-0.32
1668424059.63,300,-0.07,-0.98,-0.42,-0.32
1668424059.63,300,2.09,-1.35,-0.42,-0.31
1668424059.63,300,3.97,-1.76,-0.42,-0.31
1668424059.63,300,5.60,-2.08,-0.42,-0.30
1668424059.63,300,-1.89,-3.09,-0.42,-0.32
1668424059.63,300,-0.28,-3.04,-0.42,-0.29
1668424059.63,300,2.06,-3.17,-0.42,-0.29
1668424059.63,300,4.88,-2.81,-0.42,-0.30
1668424059.63,300,6.60,-2.23,-0.42,-0.24
1668424059.63,300,-2.42,-4.70,-0.42,-0.32
1668424059.63,300,-0.69,-4.50,-0.42,-0.32
1668424059.63,300,1.67,-4.41,-0.42,-0.29
1668424059.63,300,3.96,-5.02,-0.42,-0.30
1668424059.63,300,5.74,-4.87,-0.42,-0.30
1668424059.63,300,6.69,-3.95,7.08,-1.14
1668424059.63,300,-2.15,-6.27,-0.42,-0.32
1668424059.63,300,0.11,-6.07,-0.42,-0.32
1668424059.63,300,2.15,-6.06,-0.42,-0.27
1668424059.63,300,3.81,-5.48,-0.42,-0.30
1668424059.63,300,6.94,-6.22,7.08,-1.13
1668424059.63,300,-1.95,-8.01,-0.42,-0.34
1668424059.63,300,-0.37,-7.74,-0.42,-0.34
1668424059.63,300,1.26,-7.95,-0.41,-0.37
1668424059.63,300,3.46,-7.91,-0.42,-0.28
1668424059.63,300,5.29,-7.77,-0.42,-0.30
1668424059.63,300,6.62,-7.85,-0.42,-0.28
1668424059.63,300,-2.14,-9.32,-nan,-nan
1668424059.63,300,-0.48,-9.33,-0.42,-0.34
1668424059.63,300,1.33,-8.87,-0.42,-0.34
1668424059.63,300,3.71,-9.70,-0.42,-0.27
1668424059.63,300,-0.60,-10.01,-0.42,-0.34
1668424059.63,300,5.18,-9.42,-0.42,-0.29
1668424059.63,300,7.35,-9.10,-0.42,-0.27
1668424059.63,300,7.35,-9.10,-0.42,-0.27
1668424059.63,310,-2.76,4.21,-0.53,4.49
1668424059.63,310,-0.75,3.96,2.77,4.36
1668424059.63,310,1.10,4.31,-0.42,-0.32
1668424059.63,310,3.42,4.45,3.69,2.60
1668424059.63,310,5.17,4.86,-0.42,-0.32
1668424059.63,310,-2.87,2.51,-0.42,-0.32
1668424059.63,310,-1.24,2.83,-0.42,-0.32
1668424059.63,310,1.44,2.83,-0.42,-0.32
1668424059.63,310,3.24,3.18,3.54,2.58
1668424059.63,310,4.46,3.17,-0.42,-0.32
1668424059.63,310,5.56,3.97,-0.42,-0.32
1668424059.63,310,5.53,0.98,-0.42,-0.32
1668424059.63,310,2.56,0.74,-0.42,-0.32
1668424059.63,310,-0.38,0.18,-0.42,-0.32
1668424059.63,310,-2.41,0.76,-0.42,-0.32
1668424059.63,310,-2.15,-2.05,-0.42,-0.32
1668424059.63,310,-0.07,-0.98,-0.42,-0.32
1668424059.63,310,2.09,-1.35,-0.42,-0.32
1668424059.63,310,3.97,-1.76,-0.42,-0.32
1668424059.63,310,5.60,-2.08,-0.42,-0.32
1668424059.63,310,-1.89,-3.09,-0.42,-0.32
1668424059.63,310,-0.28,-3.04,-0.42,-0.32
1668424059.63,310,2.06,-3.17,-0.42,-0.31
1668424059.63,310,4.88,-2.81,-0.42,-0.32
1668424059.63,310,6.60,-2.23,7.08,-1.14
1668424059.63,310,-2.42,-4.70,-0.42,-0.32
1668424059.63,310,-0.69,-4.50,-0.42,-0.32
1668424059.63,310,1.67,-4.41,-0.42,-0.31
1668424059.63,310,3.96,-5.02,-0.42,-0.31
1668424059.63,310,5.74,-4.87,-0.42,-0.31
1668424059.63,310,6.69,-3.95,7.08,-1.14
1668424059.63,310,-2.15,-6.27,-0.41,-0.36
1668424059.63,310,0.11,-6.07,-0.42,-0.32
1668424059.63,310,2.15,-6.06,-0.42,-0.32
1668424059.63,310,3.81,-5.48,-0.42,-0.31
1668424059.63,310,6.94,-6.22,7.08,-1.14
1668424059.63,310,-1.95,-8.01,-0.42,-0.34
1668424059.63,310,-0.37,-7.74,-0.42,-0.34
1668424059.63,310,1.26,-7.95,-0.42,-0.34
1668424059.63,310,3.46,-7.91,-0.42,-0.34
1668424059.63,310,5.29,-7.77,-0.42,-0.30
1668424059.63,310,6.62,-7.85,7.08,-1.14
1668424059.63,310,-2.14,-9.32,-0.42,-0.34
1668424059.63,310,-0.48,-9.33,-0.42,-0.34
1668424059.63,310,1.33,-8.87,-0.42,-0.34
1668424059.63,310,3.71,-9.70,-0.42,-0.29
1668424059.63,310,-0.60,-10.01,-0.42,-0.34
1668424059.63,310,5.18,-9.42,-0.42,-0.30
1668424059.63,310,7.35,-9.10,-nan,-nan
1668424059.63,310,7.35,-9.10,-nan,-nan
1668424059.63,320,-2.76,4.21,-0.42,-0.32
1668424059.63,320,-0.75,3.96,-0.50,4.50
1668424059.63,320,1.10,4.31,2.99,4.33
1668424059.63,320,3.42,4.45,3.34,4.33
1668424059.63,320,5.17,4.86,-0.42,-0.32
1668424059.63,320,-2.87,2.51,-0.42,-0.32
1668424059.63,320,-1.24,2.83,-0.42,-0.32
1668424059.63,320,1.44,2.83,-0.42,-0.32
1668424059.63,320,3.24,3.18,-0.42,-0.32
1668424059.63,320,4.46,3.17,-0.42,-0.32
1668424059.63,320,5.56,3.97,-0.42,-0.19
1668424059.63,320,5.53,0.98,-0.42,-0.32
1668424059.63,320,2.56,0.74,-0.42,-0.32
1668424059.63,320,-0.38,0.18,-0.42,-0.32
1668424059.63,320,-2.41,0.76,-0.42,-0.32
1668424059.63,320,-2.15,-2.05,-0.42,-0.32
1668424059.63,320,-0.07,-0.98,-0.42,-0.32
1668424059.63,320,2.09,-1.35,-0.42,-0.32
1668424059.63,320,3.97,-1.76,-0.42,-0.32
1668424059.63,320,5.60,-2.08,5.18,2.72
1668424059.63,320,-1.89,-3.09,-0.42,-0.32
1668424059.63,320,-0.28,-3.04,-0.42,-0.32
1668424059.63,320,2.06,-3.17,-0.42,-0.32
1668424059.63,320,4.88,-2.81,-0.42,-0.32
1668424059.63,320,6.60,-2.23,6.96,0.36
1668424059.63,320,-2.42,-4.70,-0.42,-0.32
1668424059.63,320,-0.69,-4.50,-0.42,-0.32
1668424059.63,320,1.67,-4.41,-0.42,-0.32
1668424059.63,320,3.96,-5.02,-0.42,-0.32
1668424059.63,320,5.74,-4.87,7.08,-1.14
1668424059.63,320,6.69,-3.95,7.08,-1.14
1668424059.63,320,-2.15,-6.27,-0.42,-0.34
1668424059.63,320,0.11,-6.07,-0.42,-0.34
1668424059.63,320,2.15,-6.06,-0.42,-0.32
1668424059.63,320,3.81,-5.48,-0.42,-0.32
1668424059.63,320,6.94,-6.22,-nan,-nan
1668424059.63,320,-1.95,-8.01,-0.42,-0.34
1668424059.63,320,-0.37,-7.74,-0.42,-0.34
1668424059.63,320,1.26,-7.95,-0.42,-0.34
1668424059.63,320,3.46,-7.91,-0.42,-0.31
1668424059.63,320,5.29,-7.77,7.08,-1.13
1668424059.63,320,6.62,-7.85,-nan,-nan
1668424059.63,320,-2.14,-9.32,-0.42,-0.34
1668424059.63,320,-0.48,-9.33,-0.42,-0.34
1668424059.63,320,1.33,-8.87,-0.42,-0.34
1668424059.63,320,3.71,-9.70,-0.42,-0.30
1668424059.63,320,-0.60,-10.01,-0.42,-0.34
1668424059.63,320,5.18,-9.42,7.08,-1.14
1668424059.63,320,7.35,-9.10,-nan,-nan
1668424059.63,320,7.35,-9.10,-nan,-nan
1668424059.63,330,-2.76,4.21,-0.42,-0.32
1668424059.63,330,-0.75,3.96,-0.42,-0.32
1668424059.63,330,1.10,4.31,2.74,4.36
1668424059.63,330,3.42,4.45,3.23,4.77
1668424059.63,330,5.17,4.86,-0.42,-0.32
1668424059.63,330,-2.87,2.51,-0.42,-0.32
1668424059.63,330,-1.24,2.83,-0.42,-0.32
1668424059.63,330,1.44,2.83,-0.41,-0.32
1668424059.63,330,3.24,3.18,-0.42,-0.32
1668424059.63,330,4.46,3.17,-0.42,-0.32
1668424059.63,330,5.56,3.97,-0.42,-0.32
1668424059.63,330,5.53,0.98,-0.42,-0.32
1668424059.63,330,2.56,0.74,-0.42,-0.32
1668424059.63,330,-0.38,0.18,-0.42,-0.32
1668424059.63,330,-2.41,0.76,-0.42,-0.32
1668424059.63,330,-2.15,-2.05,-0.42,-0.32
1668424059.63,330,-0.07,-0.98,-0.42,-0.32
1668424059.63,330,2.09,-1.35,-0.42,-0.32
1668424059.63,330,3.97,-1.76,-0.42,-0.32
1668424059.63,330,5.60,-2.08,6.54,1.74
1668424059.63,330,-1.89,-3.09,-0.42,-0.32
1668424059.63,330,-0.28,-3.04,-0.42,-0.32
1668424059.63,330,2.06,-3.17,-0.42,-0.32
1668424059.63,330,4.88,-2.81,-0.42,-0.32
1668424059.63,330,6.60,-2.23,5.18,2.72
1668424059.63,330,-2.42,-4.70,-0.42,-0.34
1668424059.63,330,-0.69,-4.50,-0.42,-0.34
1668424059.63,330,1.67,-4.41,-0.42,-0.32
1668424059.63,330,3.96,-5.02,-0.42,-0.32
1668424059.63,330,5.74,-4.87,7.08,-0.92
1668424059.63,330,6.69,-3.95,6.95,0.31
1668424059.63,330,-2.15,-6.27,-0.42,-0.34
1668424059.63,330,0.11,-6.07,-0.42,-0.34
1668424059.63,330,2.15,-6.06,-0.42,-0.32
1668424059.63,330,3.81,-5.48,-0.42,-0.32
1668424059.63,330,6.94,-6.22,7.08,-1.14
1668424059.63,330,-1.95,-8.01,-0.42,-0.34
1668424059.63,330,-0.37,-7.74,-0.42,-0.34
1668424059.63,330,1.26,-7.95,-0.42,-0.34
1668424059.63,330,3.46,-7.91,7.09,-1.14
1668424059.63,330,5.29,-7.77,7.09,-1.14
1668424059.63,330,6.62,-7.85,7.08,-1.14
1668424059.63,330,-2.14,-9.32,-0.42,-0.34
1668424059.63,330,-0.48,-9.33,-0.42,-0.34
1668424059.63,330,1.33,-8.87,-0.42,-0.34
1668424059.63,330,3.71,-9.70,-nan,-nan
1668424059.63,330,-0.60,-10.01,-0.42,-0.34
1668424059.63,330,5.18,-9.42,7.09,-1.13
1668424059.63,330,7.35,-9.10,-nan,-nan
1668424059.63,330,7.35,-9.10,-nan,-nan
1668424059.63,340,-2.76,4.21,-0.42,-0.32
1668424059.63,340,-0.75,3.96,-0.42,-0.32
1668424059.63,340,1.10,4.31,-0.42,-0.32
1668424059.63,340,3.42,4.45,2.65,4.69
1668424059.63,340,5.17,4.86,3.13,4.75
1668424059.63,340,-2.87,2.51,-0.42,-0.32
1668424059.63,340,-1.24,2.83,-0.42,-0.32
1668424059.63,340,1.44,2.83,-0.42,-0.32
1668424059.63,340,3.24,3.18,-0.42,-0.32
1668424059.63,340,4.46,3.17,-0.42,-0.32
1668424059.63,340,5.56,3.97,3.10,4.74
1668424059.63,340,5.53,0.98,-0.42,-0.32
1668424059.63,340,2.56,0.74,-0.42,-0.32
1668424059.63,340,-0.38,0.18,-0.42,-0.32
1668424059.63,340,-2.41,0.76,-0.42,-0.32
1668424059.63,340,-2.15,-2.05,-0.42,-0.32
1668424059.63,340,-0.07,-0.98,-0.42,-0.32
1668424059.63,340,2.09,-1.35,-0.42,-0.32
1668424059.63,340,3.97,-1.76,-0.42,-0.32
1668424059.63,340,5.60,-2.08,-0.42,-0.32
1668424059.63,340,-1.89,-3.09,-0.42,-0.32
1668424059.63,340,-0.28,-3.04,-0.42,-0.34
1668424059.63,340,2.06,-3.17,-0.42,-0.32
1668424059.63,340,4.88,-2.81,-0.42,-0.32
1668424059.63,340,6.60,-2.23,6.59,2.32
1668424059.63,340,-2.42,-4.70,-0.42,-0.34
1668424059.63,340,-0.69,-4.50,-0.42,-0.34
1668424059.63,340,1.67,-4.41,-0.42,-0.32
1668424059.63,340,3.96,-5.02,-0.42,-0.32
1668424059.63,340,5.74,-4.87,5.18,2.72
1668424059.63,340,6.69,-3.95,5.18,2.72
1668424059.63,340,-2.15,-6.27,-0.42,-0.34
1668424059.63,340,0.11,-6.07,-0.42,-0.34
1668424059.63,340,2.15,-6.06,-0.42,-0.32
1668424059.63,340,3.81,-5.48,5.18,2.72
1668424059.63,340,6.94,-6.22,-nan,-nan
1668424059.63,340,-1.95,-8.01,-0.42,-0.34
1668424059.63,340,-0.37,-7.74,-0.42,-0.34
1668424059.63,340,1.26,-7.95,-0.42,-0.34
1668424059.63,340,3.46,-7.91,7.08,-1.14
1668424059.63,340,5.29,-7.77,7.08,-1.13
1668424059.63,340,6.62,-7.85,-nan,-nan
1668424059.63,340,-2.14,-9.32,-0.42,-0.34
1668424059.63,340,-0.48,-9.33,-0.42,-0.34
1668424059.63,340,1.33,-8.87,-0.42,-0.34
1668424059.63,340,3.71,-9.70,-0.42,-0.34
1668424059.63,340,-0.60,-10.01,-0.42,-0.34
1668424059.63,340,5.18,-9.42,-0.42,-0.34
1668424059.63,340,7.35,-9.10,-nan,-nan
1668424059.63,340,7.35,-9.10,-nan,-nan
1668424059.63,350,-2.76,4.21,-0.42,-0.32
1668424059.63,350,-0.75,3.96,-0.42,-0.32
1668424059.63,350,1.10,4.31,-0.42,-0.32
1668424059.63,350,3.42,4.45,-0.42,-0.32
1668424059.63,350,5.17,4.86,3.08,4.74
1668424059.63,350,-2.87,2.51,-0.42,-0.32
1668424059.63,350,-1.24,2.83,-0.42,-0.32
1668424059.63,350,1.44,2.83,-0.42,-0.32
1668424059.63,350,3.24,3.18,-0.42,-0.32
1668424059.63,350,4.46,3.17,-0.42,-0.32
1668424059.63,350,5.56,3.97,3.13,4.75
1668424059.63,350,5.53,0.98,-0.42,-0.32
1668424059.63,350,2.56,0.74,-0.42,-0.32
1668424059.63,350,-0.38,0.18,-0.42,-0.32
1668424059.63,350,-2.41,0.76,-0.42,-0.32
1668424059.63,350,-2.15,-2.05,-0.42,-0.32
1668424059.63,350,-0.07,-0.98,-0.42,-0.32
1668424059.63,350,2.09,-1.35,-0.42,-0.32
1668424059.63,350,3.97,-1.76,-0.42,-0.32
1668424059.63,350,5.60,-2.08,-0.42,-0.32
1668424059.63,350,-1.89,-3.09,-0.42,-0.34
1668424059.63,350,-0.28,-3.04,-0.42,-0.34
1668424059.63,350,2.06,-3.17,-0.42,-0.32
1668424059.63,350,4.88,-2.81,-0.42,-0.32
1668424059.63,350,6.60,-2.23,-0.42,-0.32
1668424059.63,350,-2.42,-4.70,-0.42,-0.34
1668424059.63,350,-0.69,-4.50,-0.42,-0.34
1668424059.63,350,1.67,-4.41,-0.42,-0.32
1668424059.63,350,3.96,-5.02,-0.42,-0.32
1668424059.63,350,5.74,-4.87,-0.42,-0.32
1668424059.63,350,6.69,-3.95,6.59,2.31
1668424059.63,350,-2.15,-6.27,-0.42,-0.34
1668424059.63,350,0.11,-6.07,-0.42,-0.34
1668424059.63,350,2.15,-6.06,5.18,2.72
1668424059.63,350,3.81,-5.48,6.55,1.74
1668424059.63,350,6.94,-6.22,-nan,-nan
1668424059.63,350,-1.95,-8.01,-0.42,-0.34
1668424059.63,350,-0.37,-7.74,-0.42,-0.34
1668424059.63,350,1.26,-7.95,-0.42,-0.34
1668424059.63,350,3.46,-7.91,-nan,-nan
1668424059.63,350,5.29,-7.77,-nan,-nan
1668424059.63,350,6.62,-7.85,-nan,-nan
1668424059.63,350,-2.14,-9.32,-0.42,-0.34
1668424059.63,350,-0.48,-9.33,-0.42,-0.34
1668424059.63,350,1.33,-8.87,-0.42,-0.34
1668424059.63,350,3.71,-9.70,-0.42,-0.34
1668424059.63,350,-0.60,-10.01,-0.42,-0.34
1668424059.63,350,5.18,-9.42,5.18,2.72
1668424059.63,350,7.35,-9.10,-nan,-nan
1668424059.63,350,7.35,-9.10,-nan,-nan
