1668424054.93,0,-2.76,4.21,-0.41,-0.32
1668424054.93,0,-0.75,3.96,-0.41,-0.32
1668424054.93,0,1.10,4.31,-0.41,-0.33
1668424054.93,0,3.42,4.45,-0.41,-0.32
1668424054.93,0,5.17,4.86,3.03,4.66
1668424054.93,0,-2.87,2.51,-0.41,-0.32
1668424054.93,0,-1.24,2.83,-0.41,-0.32
1668424054.93,0,1.44,2.83,-0.41,-0.33
1668424054.93,0,3.24,3.18,-0.41,-0.32
1668424054.93,0,4.46,3.17,-0.41,-0.32
1668424054.93,0,5.56,3.97,3.01,4.66
1668424054.93,0,5.53,0.98,-0.41,-0.32
1668424054.93,0,2.56,0.74,-0.41,-0.32
1668424054.93,0,-0.38,0.18,-0.41,-0.32
1668424054.93,0,-2.41,0.76,-0.41,-0.32
1668424054.93,0,-2.15,-2.05,-0.41,-0.33
1668424054.93,0,-0.07,-0.98,-0.41,-0.35
1668424054.93,0,2.09,-1.35,-0.41,-0.32
1668424054.93,0,3.97,-1.76,-0.41,-0.32
1668424054.93,0,5.60,-2.08,-0.41,-0.32
1668424054.93,0,-1.89,-3.09,-0.41,-0.33
1668424054.93,0,-0.28,-3.04,-0.41,-0.33
1668424054.93,0,2.06,-3.17,-0.41,-0.32
1668424054.93,0,4.88,-2.81,-0.41,-0.32
1668424054.93,0,6.60,-2.23,-0.41,-0.32
1668424054.93,0,-2.42,-4.70,-0.41,-0.33
1668424054.93,0,-0.69,-4.50,-0.41,-0.33
1668424054.93,0,1.67,-4.41,-0.41,-0.32
1668424054.93,0,3.96,-5.02,-0.41,-0.32
1668424054.93,0,5.74,-4.87,-0.41,-0.32
1668424054.93,0,6.69,-3.95,-0.41,-0.32
1668424054.93,0,-2.15,-6.27,-0.41,-0.33
1668424054.93,0,0.11,-6.07,-0.41,-0.33
1668424054.93,0,2.15,-6.06,-0.41,-0.32
1668424054.93,0,3.81,-5.48,-0.41,-0.32
1668424054.93,0,6.94,-6.22,6.55,1.93
1668424054.93,0,-1.95,-8.01,-0.41,-0.33
1668424054.93,0,-0.37,-7.74,-0.41,-0.33
1668424054.93,0,1.26,-7.95,5.31,2.72
1668424054.93,0,3.46,-7.91,-0.41,-0.32
1668424054.93,0,5.29,-7.77,-0.41,-0.32
1668424054.93,0,6.62,-7.85,-nan,-nan
1668424054.93,0,-2.14,-9.32,-0.41,-0.33
1668424054.93,0,-0.48,-9.33,-0.41,-0.33
1668424054.93,0,1.33,-8.87,7.02,-1.17
1668424054.93,0,3.71,-9.70,-0.41,-0.32
1668424054.93,0,-0.60,-10.01,-0.41,-0.33
1668424054.93,0,5.18,-9.42,-0.41,-0.32
1668424054.93,0,7.35,-9.10,-nan,-nan
1668424054.93,0,7.35,-9.10,-nan,-nan
1668424054.93,20,-2.76,4.21,-0.41,-0.32
1668424054.93,20,-0.75,3.96,-0.41,-0.32
1668424054.93,20,1.10,4.31,-0.41,-0.32
1668424054.93,20,3.42,4.45,-0.41,-0.33
1668424054.93,20,5.17,4.86,-0.41,-0.33
1668424054.93,20,-2.87,2.51,-0.41,-0.32
1668424054.93,20,-1.24,2.83,-0.41,-0.32
1668424054.93,20,1.44,2.83,-0.41,-0.33
1668424054.93,20,3.24,3.18,-0.41,-0.33
1668424054.93,20,4.46,3.17,-0.41,-0.33
1668424054.93,20,5.56,3.97,-0.41,-0.33
1668424054.93,20,5.53,0.98,-0.41,-0.33
1668424054.93,20,2.56,0.74,-0.41,-0.33
1668424054.93,20,-0.38,0.18,-0.41,-0.33
1668424054.93,20,-2.41,0.76,-0.41,-0.33
1668424054.93,20,-2.15,-2.05,-0.41,-0.33
1668424054.93,20,-0.07,-0.98,-0.41,-0.33
1668424054.93,20,2.09,-1.35,-0.41,-0.33
1668424054.93,20,3.97,-1.76,-0.41,-0.33
1668424054.93,20,5.60,-2.08,-0.41,-0.33
1668424054.93,20,-1.89,-3.09,-0.41,-0.33
1668424054.93,20,-0.28,-3.04,-0.41,-0.33
1668424054.93,20,2.06,-3.17,-0.41,-0.33
1668424054.93,20,4.88,-2.81,-0.41,-0.33
1668424054.93,20,6.60,-2.23,-0.41,-0.33
1668424054.93,20,-2.42,-4.70,-0.41,-0.33
1668424054.93,20,-0.69,-4.50,-0.41,-0.33
1668424054.93,20,1.67,-4.41,-0.41,-0.33
1668424054.93,20,3.96,-5.02,-0.41,-0.32
1668424054.93,20,5.74,-4.87,-0.41,-0.32
1668424054.93,20,6.69,-3.95,-0.41,-0.33
1668424054.93,20,-2.15,-6.27,-0.41,-0.33
1668424054.93,20,0.11,-6.07,-0.41,-0.33
1668424054.93,20,2.15,-6.06,-0.41,-0.32
1668424054.93,20,3.81,-5.48,-0.41,-0.32
1668424054.93,20,6.94,-6.22,-0.37,-7.72
1668424054.93,20,-1.95,-8.01,-2.38,-4.34
1668424054.93,20,-0.37,-7.74,-0.41,-0.33
1668424054.93,20,1.26,-7.95,-0.41,-0.33
1668424054.93,20,3.46,-7.91,-0.41,-0.32
1668424054.93,20,5.29,-7.77,-0.41,-0.32
1668424054.93,20,6.62,-7.85,0.03,-7.60
1668424054.93,20,-2.14,-9.32,-2.31,-5.52
1668424054.93,20,-0.48,-9.33,-0.41,-0.33
1668424054.93,20,1.33,-8.87,-0.41,-0.33
1668424054.93,20,3.71,-9.70,-0.41,-0.33
1668424054.93,20,-0.60,-10.01,-0.41,-0.33
1668424054.93,20,5.18,-9.42,0.03,-7.60
1668424054.93,20,7.35,-9.10,-0.42,-7.72
1668424054.93,20,7.35,-9.10,-0.42,-7.72
1668424054.93,40,-2.76,4.21,-0.41,-0.32
1668424054.93,40,-0.75,3.96,-0.41,-0.32
1668424054.93,40,1.10,4.31,-0.41,-0.32
1668424054.93,40,3.42,4.45,-0.41,-0.32
1668424054.93,40,5.17,4.86,-nan,-nan
1668424054.93,40,-2.87,2.51,-0.41,-0.33
1668424054.93,40,-1.24,2.83,-0.41,-0.33
1668424054.93,40,1.44,2.83,-0.41,-0.33
1668424054.93,40,3.24,3.18,-0.41,-0.33
1668424054.93,40,4.46,3.17,-0.41,-0.33
1668424054.93,40,5.56,3.97,-0.41,-0.33
1668424054.93,40,5.53,0.98,-0.41,-0.33
1668424054.93,40,2.56,0.74,-0.41,-0.33
1668424054.93,40,-0.38,0.18,-0.41,-0.33
1668424054.93,40,-2.41,0.76,-0.41,-0.33
1668424054.93,40,-2.15,-2.05,-0.41,-0.33
1668424054.93,40,-0.07,-0.98,-0.41,-0.33
1668424054.93,40,2.09,-1.35,-0.41,-0.33
1668424054.93,40,3.97,-1.76,-0.41,-0.33
1668424054.93,40,5.60,-2.08,-0.41,-0.33
1668424054.93,40,-1.89,-3.09,-0.41,-0.33
1668424054.93,40,-0.28,-3.04,-0.41,-0.33
1668424054.93,40,2.06,-3.17,-0.41,-0.33
1668424054.93,40,4.88,-2.81,0.03,-7.60
1668424054.93,40,6.60,-2.23,0.15,-7.87
1668424054.93,40,-2.42,-4.70,-0.41,-0.33
1668424054.93,40,-0.69,-4.50,-0.41,-0.33
1668424054.93,40,1.67,-4.41,-0.41,-0.33
1668424054.93,40,3.96,-5.02,0.02,-7.60
1668424054.93,40,5.74,-4.87,0.01,-7.89
1668424054.93,40,6.69,-3.95,0.15,-7.87
1668424054.93,40,-2.15,-6.27,-2.35,-4.58
1668424054.93,40,0.11,-6.07,-0.41,-0.33
1668424054.93,40,2.15,-6.06,-0.41,-0.33
1668424054.93,40,3.81,-5.48,0.03,-7.60
1668424054.93,40,6.94,-6.22,0.12,-7.87
1668424054.93,40,-1.95,-8.01,-2.23,-6.22
1668424054.93,40,-0.37,-7.74,0.03,-7.60
1668424054.93,40,1.26,-7.95,0.03,-7.60
1668424054.93,40,3.46,-7.91,0.03,-7.60
1668424054.93,40,5.29,-7.77,-0.20,-7.78
1668424054.93,40,6.62,-7.85,-0.05,-7.90
1668424054.93,40,-2.14,-9.32,0.03,-7.60
1668424054.93,40,-0.48,-9.33,0.02,-7.60
1668424054.93,40,1.33,-8.87,0.03,-7.60
1668424054.93,40,3.71,-9.70,-0.30,-7.73
1668424054.93,40,-0.60,-10.01,-nan,-nan
1668424054.93,40,5.18,-9.42,-0.21,-7.77
1668424054.93,40,7.35,-9.10,-0.05,-7.90
1668424054.93,40,7.35,-9.10,-0.05,-7.90
1668424054.93,60,-2.76,4.21,-0.41,-0.28
1668424054.93,60,-0.75,3.96,-0.41,-0.32
1668424054.93,60,1.10,4.31,-0.41,-0.32
1668424054.93,60,3.42,4.45,-0.41,-0.32
1668424054.93,60,5.17,4.86,-0.41,-0.32
1668424054.93,60,-2.87,2.51,-2.68,1.52
1668424054.93,60,-1.24,2.83,-0.41,-0.33
1668424054.93,60,1.44,2.83,-0.41,-0.33
1668424054.93,60,3.24,3.18,-0.41,-0.32
1668424054.93,60,4.46,3.17,-0.41,-0.32
1668424054.93,60,5.56,3.97,-0.41,-0.32
1668424054.93,60,5.53,0.98,-0.41,-0.33
1668424054.93,60,2.56,0.74,-0.41,-0.33
1668424054.93,60,-0.38,0.18,-0.41,-0.33
1668424054.93,60,-2.41,0.76,-0.41,-0.33
1668424054.93,60,-2.15,-2.05,-0.41,-0.33
1668424054.93,60,-0.07,-0.98,-0.41,-0.33
1668424054.93,60,2.09,-1.35,-0.41,-0.33
1668424054.93,60,3.97,-1.76,-0.41,-0.33
1668424054.93,60,5.60,-2.08,-0.41,-0.33
1668424054.93,60,-1.89,-3.09,-0.41,-0.33
1668424054.93,60,-0.28,-3.04,-0.41,-0.33
1668424054.93,60,2.06,-3.17,-0.41,-0.33
1668424054.93,60,4.88,-2.81,-nan,-nan
1668424054.93,60,6.60,-2.23,-nan,-nan
1668424054.93,60,-2.42,-4.70,-2.36,-4.55
1668424054.93,60,-0.69,-4.50,-0.41,-0.33
1668424054.93,60,1.67,-4.41,-0.41,-0.33
1668424054.93,60,3.96,-5.02,0.13,-7.88
1668424054.93,60,5.74,-4.87,-nan,-nan
1668424054.93,60,6.69,-3.95,-nan,-nan
1668424054.93,60,-2.15,-6.27,-2.27,-5.94
1668424054.93,60,0.11,-6.07,-0.41,-0.33
1668424054.93,60,2.15,-6.06,0.02,-7.60
1668424054.93,60,3.81,-5.48,0.18,-7.86
1668424054.93,60,6.94,-6.22,0.21,-7.68
1668424054.93,60,-1.95,-8.01,-0.00,-7.59
1668424054.93,60,-0.37,-7.74,-0.31,-7.73
1668424054.93,60,1.26,-7.95,-0.14,-7.83
1668424054.93,60,3.46,-7.91,0.13,-7.88
1668424054.93,60,5.29,-7.77,0.19,-7.78
1668424054.93,60,6.62,-7.85,0.15,-7.74
1668424054.93,60,-2.14,-9.32,-0.31,-7.73
1668424054.93,60,-0.48,-9.33,-0.27,-7.74
1668424054.93,60,1.33,-8.87,-0.15,-7.87
1668424054.93,60,3.71,-9.70,0.12,-7.88
1668424054.93,60,-0.60,-10.01,-0.27,-7.73
1668424054.93,60,5.18,-9.42,0.19,-7.85
1668424054.93,60,7.35,-9.10,0.14,-7.74
1668424054.93,60,7.35,-9.10,0.14,-7.74
1668424054.93,80,-2.76,4.21,-2.67,1.25
1668424054.93,80,-0.75,3.96,-0.41,-0.33
1668424054.93,80,1.10,4.31,-0.41,-0.33
1668424054.93,80,3.42,4.45,-0.41,-0.32
1668424054.93,80,5.17,4.86,-0.41,-0.32
1668424054.93,80,-2.87,2.51,-0.41,-0.33
1668424054.93,80,-1.24,2.83,-0.41,-0.33
1668424054.93,80,1.44,2.83,-0.41,-0.33
1668424054.93,80,3.24,3.18,-0.41,-0.32
1668424054.93,80,4.46,3.17,-0.41,-0.32
1668424054.93,80,5.56,3.97,-nan,-nan
1668424054.93,80,5.53,0.98,-0.41,-0.32
1668424054.93,80,2.56,0.74,-0.41,-0.33
1668424054.93,80,-0.38,0.18,-0.41,-0.33
1668424054.93,80,-2.41,0.76,-0.41,-0.33
1668424054.93,80,-2.15,-2.05,-0.41,-0.33
1668424054.93,80,-0.07,-0.98,-0.41,-0.33
1668424054.93,80,2.09,-1.35,-0.41,-0.33
1668424054.93,80,3.97,-1.76,-nan,-nan
1668424054.93,80,5.60,-2.08,-nan,-nan
1668424054.93,80,-1.89,-3.09,-0.41,-0.33
1668424054.93,80,-0.28,-3.04,-0.41,-0.33
1668424054.93,80,2.06,-3.17,-0.41,-0.33
1668424054.93,80,4.88,-2.81,-nan,-nan
1668424054.93,80,6.60,-2.23,0.67,-7.53
1668424054.93,80,-2.42,-4.70,-0.41,-0.33
1668424054.93,80,-0.69,-4.50,-0.41,-0.33
1668424054.93,80,1.67,-4.41,-0.41,-0.33
1668424054.93,80,3.96,-5.02,-0.41,-0.33
1668424054.93,80,5.74,-4.87,-nan,-nan
1668424054.93,80,6.69,-3.95,-nan,-nan
1668424054.93,80,-2.15,-6.27,0.09,-7.88
1668424054.93,80,0.11,-6.07,0.14,-7.87
1668424054.93,80,2.15,-6.06,0.14,-7.74
1668424054.93,80,3.81,-5.48,0.20,-7.83
1668424054.93,80,6.94,-6.22,-0.03,-7.48
1668424054.93,80,-1.95,-8.01,0.12,-7.88
1668424054.93,80,-0.37,-7.74,0.20,-7.85
1668424054.93,80,1.26,-7.95,0.16,-7.74
1668424054.93,80,3.46,-7.91,0.25,-7.58
1668424054.93,80,5.29,-7.77,0.25,-7.36
1668424054.93,80,6.62,-7.85,0.41,-7.39
1668424054.93,80,-2.14,-9.32,0.12,-7.88
1668424054.93,80,-0.48,-9.33,0.19,-7.85
1668424054.93,80,1.33,-8.87,0.16,-7.74
1668424054.93,80,3.71,-9.70,0.25,-7.60
1668424054.93,80,-0.60,-10.01,0.19,-7.85
1668424054.93,80,5.18,-9.42,0.06,-7.42
1668424054.93,80,7.35,-9.10,0.34,-7.49
1668424054.93,80,7.35,-9.10,0.34,-7.49
1668424054.93,100,-2.76,4.21,-0.41,-0.33
1668424054.93,100,-0.75,3.96,-0.41,-0.33
1668424054.93,100,1.10,4.31,-0.41,-0.33
1668424054.93,100,3.42,4.45,-0.41,-0.33
1668424054.93,100,5.17,4.86,4.75,-4.81
1668424054.93,100,-2.87,2.51,-0.41,-0.33
1668424054.93,100,-1.24,2.83,-0.41,-0.33
1668424054.93,100,1.44,2.83,-0.41,-0.33
1668424054.93,100,3.24,3.18,-0.41,-0.33
1668424054.93,100,4.46,3.17,-0.41,-0.33
1668424054.93,100,5.56,3.97,4.75,-4.81
1668424054.93,100,5.53,0.98,-0.41,-0.33
1668424054.93,100,2.56,0.74,-0.41,-0.33
1668424054.93,100,-0.38,0.18,4.75,-4.82
1668424054.93,100,-2.41,0.76,4.75,-4.81
1668424054.93,100,-2.15,-2.05,4.75,-4.81
1668424054.93,100,-0.07,-0.98,4.75,-4.81
1668424054.93,100,2.09,-1.35,4.75,-4.81
1668424054.93,100,3.97,-1.76,-0.41,-0.33
1668424054.93,100,5.60,-2.08,-0.41,-0.33
1668424054.93,100,-1.89,-3.09,4.75,-4.81
1668424054.93,100,-0.28,-3.04,4.75,-4.82
1668424054.93,100,2.06,-3.17,4.75,-4.81
1668424054.93,100,4.88,-2.81,-0.41,-0.33
1668424054.93,100,6.60,-2.23,1.42,-7.35
1668424054.93,100,-2.42,-4.70,4.75,-4.81
1668424054.93,100,-0.69,-4.50,4.75,-4.81
1668424054.93,100,1.67,-4.41,4.75,-4.81
1668424054.93,100,3.96,-5.02,-0.03,-7.48
1668424054.93,100,5.74,-4.87,-0.07,-7.47
1668424054.93,100,6.69,-3.95,0.69,-7.58
1668424054.93,100,-2.15,-6.27,-0.02,-7.47
1668424054.93,100,0.11,-6.07,-0.04,-7.48
1668424054.93,100,2.15,-6.06,-0.06,-7.49
1668424054.93,100,3.81,-5.48,-0.06,-7.49
1668424054.93,100,6.94,-6.22,0.66,-7.57
1668424054.93,100,-1.95,-8.01,0.28,-7.57
1668424054.93,100,-0.37,-7.74,0.18,-7.42
1668424054.93,100,1.26,-7.95,0.35,-7.48
1668424054.93,100,3.46,-7.91,-0.03,-7.48
1668424054.93,100,5.29,-7.77,-0.07,-7.49
1668424054.93,100,6.62,-7.85,-0.03,-7.48
1668424054.93,100,-2.14,-9.32,0.29,-7.60
1668424054.93,100,-0.48,-9.33,0.16,-7.37
1668424054.93,100,1.33,-8.87,0.41,-7.38
1668424054.93,100,3.71,-9.70,-0.03,-7.48
1668424054.93,100,-0.60,-10.01,0.40,-7.40
1668424054.93,100,5.18,-9.42,-0.03,-7.48
1668424054.93,100,7.35,-9.10,-0.08,-7.47
1668424054.93,100,7.35,-9.10,-0.08,-7.47
1668424054.93,120,-2.76,4.21,4.75,-4.81
1668424054.93,120,-0.75,3.96,4.75,-4.81
1668424054.93,120,1.10,4.31,4.75,-4.81
1668424054.93,120,3.42,4.45,4.75,-4.82
1668424054.93,120,5.17,4.86,4.75,-4.81
1668424054.93,120,-2.87,2.51,4.75,-4.81
1668424054.93,120,-1.24,2.83,4.75,-4.81
1668424054.93,120,1.44,2.83,4.75,-4.81
1668424054.93,120,3.24,3.18,4.75,-4.81
1668424054.93,120,4.46,3.17,4.75,-4.81
1668424054.93,120,5.56,3.97,4.75,-4.81
1668424054.93,120,5.53,0.98,4.75,-4.82
1668424054.93,120,2.56,0.74,4.75,-4.81
1668424054.93,120,-0.38,0.18,4.75,-4.81
1668424054.93,120,-2.41,0.76,4.75,-4.81
1668424054.93,120,-2.15,-2.05,4.75,-4.81
1668424054.93,120,-0.07,-0.98,4.75,-4.81
1668424054.93,120,2.09,-1.35,4.75,-4.81
1668424054.93,120,3.97,-1.76,4.75,-4.81
1668424054.93,120,5.60,-2.08,4.75,-4.81
1668424054.93,120,-1.89,-3.09,4.75,-4.81
1668424054.93,120,-0.28,-3.04,4.75,-4.81
1668424054.93,120,2.06,-3.17,4.75,-4.81
1668424054.93,120,4.88,-2.81,4.75,-4.81
1668424054.93,120,6.60,-2.23,4.75,-4.81
1668424054.93,120,-2.42,-4.70,-2.60,-4.17
1668424054.93,120,-0.69,-4.50,4.75,-4.81
1668424054.93,120,1.67,-4.41,4.75,-4.81
1668424054.93,120,3.96,-5.02,4.75,-4.81
1668424054.93,120,5.74,-4.87,1.39,-7.35
1668424054.93,120,6.69,-3.95,4.75,-4.81
1668424054.93,120,-2.15,-6.27,-2.48,-5.78
1668424054.93,120,0.11,-6.07,0.39,-7.37
1668424054.93,120,2.15,-6.06,-0.03,-7.48
1668424054.93,120,3.81,-5.48,4.75,-4.81
1668424054.93,120,6.94,-6.22,1.40,-7.35
1668424054.93,120,-1.95,-8.01,-0.03,-7.48
1668424054.93,120,-0.37,-7.74,-0.07,-7.49
1668424054.93,120,1.26,-7.95,-0.03,-7.48
1668424054.93,120,3.46,-7.91,0.66,-7.56
1668424054.93,120,5.29,-7.77,1.60,-9.67
1668424054.93,120,6.62,-7.85,1.57,-9.68
1668424054.93,120,-2.14,-9.32,-0.03,-7.48
1668424054.93,120,-0.48,-9.33,-0.07,-7.49
1668424054.93,120,1.33,-8.87,-0.04,-7.48
1668424054.93,120,3.71,-9.70,0.65,-7.57
1668424054.93,120,-0.60,-10.01,-0.03,-7.48
1668424054.93,120,5.18,-9.42,1.63,-9.67
1668424054.93,120,7.35,-9.10,1.61,-9.67
1668424054.93,120,7.35,-9.10,1.61,-9.67
1668424054.93,140,-2.76,4.21,-2.62,-3.76
1668424054.93,140,-0.75,3.96,4.75,-4.82
1668424054.93,140,1.10,4.31,4.76,-4.79
1668424054.93,140,3.42,4.45,4.76,-4.79
1668424054.93,140,5.17,4.86,4.76,-4.79
1668424054.93,140,-2.87,2.51,-2.63,-3.72
1668424054.93,140,-1.24,2.83,4.75,-4.81
1668424054.93,140,1.44,2.83,4.76,-4.79
1668424054.93,140,3.24,3.18,4.76,-4.79
1668424054.93,140,4.46,3.17,4.76,-4.79
1668424054.93,140,5.56,3.97,4.76,-4.79
1668424054.93,140,5.53,0.98,4.75,-4.81
1668424054.93,140,2.56,0.74,4.75,-4.81
1668424054.93,140,-0.38,0.18,4.75,-4.81
1668424054.93,140,-2.41,0.76,-2.63,-3.72
1668424054.93,140,-2.15,-2.05,-2.63,-3.73
1668424054.93,140,-0.07,-0.98,4.75,-4.81
1668424054.93,140,2.09,-1.35,4.75,-4.81
1668424054.93,140,3.97,-1.76,4.75,-4.81
1668424054.93,140,5.60,-2.08,4.75,-4.81
1668424054.93,140,-1.89,-3.09,-1.67,-4.34
1668424054.93,140,-0.28,-3.04,4.75,-4.81
1668424054.93,140,2.06,-3.17,4.75,-4.81
1668424054.93,140,4.88,-2.81,4.75,-4.81
1668424054.93,140,6.60,-2.23,4.75,-4.81
1668424054.93,140,-2.42,-4.70,-2.52,-5.48
1668424054.93,140,-0.69,-4.50,4.75,-4.81
1668424054.93,140,1.67,-4.41,4.75,-4.81
1668424054.93,140,3.96,-5.02,4.75,-4.81
1668424054.93,140,5.74,-4.87,4.75,-4.81
1668424054.93,140,6.69,-3.95,4.75,-4.81
1668424054.93,140,-2.15,-6.27,-0.06,-7.49
1668424054.93,140,0.11,-6.07,4.75,-4.81
1668424054.93,140,2.15,-6.06,4.75,-4.81
1668424054.93,140,3.81,-5.48,4.75,-4.81
1668424054.93,140,6.94,-6.22,4.75,-4.81
1668424054.93,140,-1.95,-8.01,-0.06,-7.49
1668424054.93,140,-0.37,-7.74,0.68,-7.53
1668424054.93,140,1.26,-7.95,0.88,-7.51
1668424054.93,140,3.46,-7.91,1.39,-7.36
1668424054.93,140,5.29,-7.77,4.75,-4.81
1668424054.93,140,6.62,-7.85,4.75,-4.81
1668424054.93,140,-2.14,-9.32,-0.05,-7.48
1668424054.93,140,-0.48,-9.33,0.65,-7.57
1668424054.93,140,1.33,-8.87,0.95,-7.75
1668424054.93,140,3.71,-9.70,1.60,-9.67
1668424054.93,140,-0.60,-10.01,-0.07,-7.49
1668424054.93,140,5.18,-9.42,2.84,-9.65
1668424054.93,140,7.35,-9.10,4.75,-4.81
1668424054.93,140,7.35,-9.10,4.75,-4.81
1668424054.93,160,-2.76,4.21,-2.63,-3.72
1668424054.93,160,-0.75,3.96,-2.63,-3.75
1668424054.93,160,1.10,4.31,4.75,-4.81
1668424054.93,160,3.42,4.45,4.76,-4.79
1668424054.93,160,5.17,4.86,4.76,-4.79
1668424054.93,160,-2.87,2.51,-2.63,-3.74
1668424054.93,160,-1.24,2.83,-2.63,-3.73
1668424054.93,160,1.44,2.83,4.75,-4.81
1668424054.93,160,3.24,3.18,4.76,-4.79
1668424054.93,160,4.46,3.17,4.76,-4.79
1668424054.93,160,5.56,3.97,4.76,-4.79
1668424054.93,160,5.53,0.98,4.76,-4.79
1668424054.93,160,2.56,0.74,4.75,-4.81
1668424054.93,160,-0.38,0.18,4.75,-4.81
1668424054.93,160,-2.41,0.76,-2.63,-3.74
1668424054.93,160,-2.15,-2.05,4.75,-4.81
1668424054.93,160,-0.07,-0.98,4.75,-4.81
1668424054.93,160,2.09,-1.35,4.75,-4.81
1668424054.93,160,3.97,-1.76,4.75,-4.81
1668424054.93,160,5.60,-2.08,4.75,-4.82
1668424054.93,160,-1.89,-3.09,4.75,-4.81
1668424054.93,160,-0.28,-3.04,4.75,-4.81
1668424054.93,160,2.06,-3.17,4.75,-4.81
1668424054.93,160,4.88,-2.81,4.75,-4.81
1668424054.93,160,6.60,-2.23,4.75,-4.81
1668424054.93,160,-2.42,-4.70,4.75,-4.81
1668424054.93,160,-0.69,-4.50,4.75,-4.82
1668424054.93,160,1.67,-4.41,4.75,-4.81
1668424054.93,160,3.96,-5.02,4.75,-4.81
1668424054.93,160,5.74,-4.87,4.75,-4.81
1668424054.93,160,6.69,-3.95,4.75,-4.81
1668424054.93,160,-2.15,-6.27,0.88,-7.51
1668424054.93,160,0.11,-6.07,4.75,-4.81
1668424054.93,160,2.15,-6.06,4.75,-4.81
1668424054.93,160,3.81,-5.48,4.75,-4.81
1668424054.93,160,6.94,-6.22,4.75,-4.81
1668424054.93,160,-1.95,-8.01,1.39,-7.35
1668424054.93,160,-0.37,-7.74,4.75,-4.81
1668424054.93,160,1.26,-7.95,4.75,-4.81
1668424054.93,160,3.46,-7.91,4.75,-4.81
1668424054.93,160,5.29,-7.77,4.75,-4.81
1668424054.93,160,6.62,-7.85,4.75,-4.81
1668424054.93,160,-2.14,-9.32,1.57,-9.68
1668424054.93,160,-0.48,-9.33,1.61,-9.67
1668424054.93,160,1.33,-8.87,4.75,-4.81
1668424054.93,160,3.71,-9.70,4.75,-4.81
1668424054.93,160,-0.60,-10.01,1.60,-9.67
1668424054.93,160,5.18,-9.42,4.75,-4.81
1668424054.93,160,7.35,-9.10,4.75,-4.81
1668424054.93,160,7.35,-9.10,4.75,-4.81
1668424054.93,180,-2.76,4.21,4.76,-4.78
1668424054.93,180,-0.75,3.96,4.75,-4.81
1668424054.93,180,1.10,4.31,4.75,-4.81
1668424054.93,180,3.42,4.45,4.76,-4.79
1668424054.93,180,5.17,4.86,4.76,-4.79
1668424054.93,180,-2.87,2.51,-2.63,-3.74
1668424054.93,180,-1.24,2.83,4.75,-4.81
1668424054.93,180,1.44,2.83,-nan,-nan
1668424054.93,180,3.24,3.18,4.76,-4.79
1668424054.93,180,4.46,3.17,4.76,-4.79
1668424054.93,180,5.56,3.97,4.76,-4.79
1668424054.93,180,5.53,0.98,4.76,-4.79
1668424054.93,180,2.56,0.74,4.75,-4.81
1668424054.93,180,-0.38,0.18,4.75,-4.81
1668424054.93,180,-2.41,0.76,4.75,-4.81
1668424054.93,180,-2.15,-2.05,4.75,-4.81
1668424054.93,180,-0.07,-0.98,4.75,-4.81
1668424054.93,180,2.09,-1.35,4.75,-4.81
1668424054.93,180,3.97,-1.76,4.76,-4.79
1668424054.93,180,5.60,-2.08,4.76,-4.79
1668424054.93,180,-1.89,-3.09,4.75,-4.81
1668424054.93,180,-0.28,-3.04,4.75,-4.81
1668424054.93,180,2.06,-3.17,4.75,-4.81
1668424054.93,180,4.88,-2.81,4.76,-4.79
1668424054.93,180,6.60,-2.23,4.76,-4.79
1668424054.93,180,-2.42,-4.70,4.75,-4.81
1668424054.93,180,-0.69,-4.50,4.75,-4.81
1668424054.93,180,1.67,-4.41,4.75,-4.81
1668424054.93,180,3.96,-5.02,4.75,-4.81
1668424054.93,180,5.74,-4.87,4.75,-4.81
1668424054.93,180,6.69,-3.95,4.75,-4.81
1668424054.93,180,-2.15,-6.27,4.75,-4.81
1668424054.93,180,0.11,-6.07,4.75,-4.81
1668424054.93,180,2.15,-6.06,4.75,-4.81
1668424054.93,180,3.81,-5.48,4.75,-4.81
1668424054.93,180,6.94,-6.22,4.75,-4.81
1668424054.93,180,-1.95,-8.01,4.75,-4.81
1668424054.93,180,-0.37,-7.74,4.75,-4.81
1668424054.93,180,1.26,-7.95,4.75,-4.81
1668424054.93,180,3.46,-7.91,4.75,-4.81
1668424054.93,180,5.29,-7.77,4.75,-4.81
1668424054.93,180,6.62,-7.85,4.75,-4.81
1668424054.93,180,-2.14,-9.32,4.75,-4.81
1668424054.93,180,-0.48,-9.33,4.75,-4.81
1668424054.93,180,1.33,-8.87,4.75,-4.81
1668424054.93,180,3.71,-9.70,4.75,-4.81
1668424054.93,180,-0.60,-10.01,4.75,-4.81
1668424054.93,180,5.18,-9.42,4.75,-4.81
1668424054.93,180,7.35,-9.10,4.75,-4.81
1668424054.93,180,7.35,-9.10,4.75,-4.81
1668424054.93,200,-2.76,4.21,4.51,2.35
1668424054.93,200,-0.75,3.96,4.50,2.36
1668424054.93,200,1.10,4.31,4.76,-4.79
1668424054.93,200,3.42,4.45,4.76,-4.79
1668424054.93,200,5.17,4.86,4.76,-4.79
1668424054.93,200,-2.87,2.51,4.75,-4.81
1668424054.93,200,-1.24,2.83,4.75,-4.81
1668424054.93,200,1.44,2.83,4.75,-4.81
1668424054.93,200,3.24,3.18,4.76,-4.79
1668424054.93,200,4.46,3.17,4.76,-4.79
1668424054.93,200,5.56,3.97,4.76,-4.79
1668424054.93,200,5.53,0.98,4.76,-4.79
1668424054.93,200,2.56,0.74,4.76,-4.79
1668424054.93,200,-0.38,0.18,4.75,-4.81
1668424054.93,200,-2.41,0.76,4.76,-4.79
1668424054.93,200,-2.15,-2.05,4.76,-4.79
1668424054.93,200,-0.07,-0.98,4.76,-4.79
1668424054.93,200,2.09,-1.35,4.76,-4.79
1668424054.93,200,3.97,-1.76,4.76,-4.79
1668424054.93,200,5.60,-2.08,4.76,-4.78
1668424054.93,200,-1.89,-3.09,4.76,-4.79
1668424054.93,200,-0.28,-3.04,4.76,-4.79
1668424054.93,200,2.06,-3.17,4.76,-4.79
1668424054.93,200,4.88,-2.81,4.76,-4.79
1668424054.93,200,6.60,-2.23,4.76,-4.79
1668424054.93,200,-2.42,-4.70,4.76,-4.79
1668424054.93,200,-0.69,-4.50,4.76,-4.79
1668424054.93,200,1.67,-4.41,4.76,-4.79
1668424054.93,200,3.96,-5.02,4.76,-4.79
1668424054.93,200,5.74,-4.87,4.76,-4.79
1668424054.93,200,6.69,-3.95,4.76,-4.79
1668424054.93,200,-2.15,-6.27,4.76,-4.79
1668424054.93,200,0.11,-6.07,4.76,-4.79
1668424054.93,200,2.15,-6.06,4.76,-4.79
1668424054.93,200,3.81,-5.48,4.76,-4.79
1668424054.93,200,6.94,-6.22,4.76,-4.79
1668424054.93,200,-1.95,-8.01,4.76,-4.79
1668424054.93,200,-0.37,-7.74,4.76,-4.79
1668424054.93,200,1.26,-7.95,4.76,-4.79
1668424054.93,200,3.46,-7.91,4.76,-4.79
1668424054.93,200,5.29,-7.77,4.76,-4.83
1668424054.93,200,6.62,-7.85,4.76,-4.84
1668424054.93,200,-2.14,-9.32,4.76,-4.79
1668424054.93,200,-0.48,-9.33,4.76,-4.78
1668424054.93,200,1.33,-8.87,4.76,-4.79
1668424054.93,200,3.71,-9.70,4.75,-4.81
1668424054.93,200,-0.60,-10.01,4.76,-4.79
1668424054.93,200,5.18,-9.42,4.75,-4.81
1668424054.93,200,7.35,-9.10,4.75,-4.81
1668424054.93,200,7.35,-9.10,4.75,-4.81
1668424054.93,220,-2.76,4.21,5.31,2.72
1668424054.93,220,-0.75,3.96,5.37,2.70
1668424054.93,220,1.10,4.31,4.50,2.35
1668424054.93,220,3.42,4.45,4.54,2.30
1668424054.93,220,5.17,4.86,4.52,2.34
1668424054.93,220,-2.87,2.51,5.31,2.72
1668424054.93,220,-1.24,2.83,5.37,2.70
1668424054.93,220,1.44,2.83,4.54,2.30
1668424054.93,220,3.24,3.18,4.52,2.34
1668424054.93,220,4.46,3.17,4.76,-4.78
1668424054.93,220,5.56,3.97,4.76,-4.79
1668424054.93,220,5.53,0.98,4.76,-4.79
1668424054.93,220,2.56,0.74,4.76,-4.79
1668424054.93,220,-0.38,0.18,4.50,2.35
1668424054.93,220,-2.41,0.76,5.31,2.72
1668424054.93,220,-2.15,-2.05,4.76,-4.79
1668424054.93,220,-0.07,-0.98,4.76,-4.79
1668424054.93,220,2.09,-1.35,4.76,-4.79
1668424054.93,220,3.97,-1.76,4.76,-4.79
1668424054.93,220,5.60,-2.08,4.76,-4.79
1668424054.93,220,-1.89,-3.09,4.76,-4.79
1668424054.93,220,-0.28,-3.04,4.76,-4.79
1668424054.93,220,2.06,-3.17,4.76,-4.79
1668424054.93,220,4.88,-2.81,4.76,-4.79
1668424054.93,220,6.60,-2.23,4.76,-4.79
1668424054.93,220,-2.42,-4.70,4.76,-4.79
1668424054.93,220,-0.69,-4.50,4.76,-4.79
1668424054.93,220,1.67,-4.41,4.76,-4.79
1668424054.93,220,3.96,-5.02,4.76,-4.79
1668424054.93,220,5.74,-4.87,4.76,-4.79
1668424054.93,220,6.69,-3.95,4.76,-4.79
1668424054.93,220,-2.15,-6.27,4.76,-4.79
1668424054.93,220,0.11,-6.07,4.76,-4.79
1668424054.93,220,2.15,-6.06,4.76,-4.79
1668424054.93,220,3.81,-5.48,4.76,-4.79
1668424054.93,220,6.94,-6.22,4.76,-4.79
1668424054.93,220,-1.95,-8.01,4.76,-4.79
1668424054.93,220,-0.37,-7.74,4.76,-4.79
1668424054.93,220,1.26,-7.95,4.76,-4.79
1668424054.93,220,3.46,-7.91,4.76,-4.79
1668424054.93,220,5.29,-7.77,4.76,-4.79
1668424054.93,220,6.62,-7.85,4.76,-4.79
1668424054.93,220,-2.14,-9.32,4.76,-4.79
1668424054.93,220,-0.48,-9.33,4.75,-4.81
1668424054.93,220,1.33,-8.87,4.76,-4.79
1668424054.93,220,3.71,-9.70,4.75,-4.81
1668424054.93,220,-0.60,-10.01,4.75,-4.81
1668424054.93,220,5.18,-9.42,4.76,-4.84
1668424054.93,220,7.35,-9.10,4.75,-4.81
1668424054.93,220,7.35,-9.10,4.75,-4.81
1668424054.93,240,-2.76,4.21,5.31,2.72
1668424054.93,240,-0.75,3.96,5.31,2.72
1668424054.93,240,1.10,4.31,5.37,2.70
1668424054.93,240,3.42,4.45,4.50,2.35
1668424054.93,240,5.17,4.86,4.54,2.31
1668424054.93,240,-2.87,2.51,5.32,2.72
1668424054.93,240,-1.24,2.83,5.31,2.72
1668424054.93,240,1.44,2.83,5.37,2.70
1668424054.93,240,3.24,3.18,4.54,2.30
1668424054.93,240,4.46,3.17,4.51,2.35
1668424054.93,240,5.56,3.97,4.54,2.31
1668424054.93,240,5.53,0.98,4.96,1.08
1668424054.93,240,2.56,0.74,4.76,-4.75
1668424054.93,240,-0.38,0.18,4.76,-4.79
1668424054.93,240,-2.41,0.76,5.31,2.72
1668424054.93,240,-2.15,-2.05,-nan,-nan
1668424054.93,240,-0.07,-0.98,4.76,-4.79
1668424054.93,240,2.09,-1.35,4.76,-4.79
1668424054.93,240,3.97,-1.76,4.76,-4.79
1668424054.93,240,5.60,-2.08,4.76,-4.79
1668424054.93,240,-1.89,-3.09,4.76,-4.79
1668424054.93,240,-0.28,-3.04,4.76,-4.79
1668424054.93,240,2.06,-3.17,4.76,-4.79
1668424054.93,240,4.88,-2.81,4.76,-4.79
1668424054.93,240,6.60,-2.23,6.83,-2.28
1668424054.93,240,-2.42,-4.70,-nan,-nan
1668424054.93,240,-0.69,-4.50,4.76,-4.79
1668424054.93,240,1.67,-4.41,4.76,-4.79
1668424054.93,240,3.96,-5.02,4.76,-4.79
1668424054.93,240,5.74,-4.87,4.76,-4.79
1668424054.93,240,6.69,-3.95,6.86,-3.73
1668424054.93,240,-2.15,-6.27,4.76,-4.79
1668424054.93,240,0.11,-6.07,4.76,-4.79
1668424054.93,240,2.15,-6.06,4.76,-4.78
1668424054.93,240,3.81,-5.48,4.76,-4.79
1668424054.93,240,6.94,-6.22,7.00,-5.45
1668424054.93,240,-1.95,-8.01,4.75,-4.81
1668424054.93,240,-0.37,-7.74,4.76,-4.84
1668424054.93,240,1.26,-7.95,4.76,-4.79
1668424054.93,240,3.46,-7.91,4.76,-4.79
1668424054.93,240,5.29,-7.77,4.76,-4.79
1668424054.93,240,6.62,-7.85,6.99,-5.45
1668424054.93,240,-2.14,-9.32,4.75,-4.81
1668424054.93,240,-0.48,-9.33,4.75,-4.81
1668424054.93,240,1.33,-8.87,4.76,-4.79
1668424054.93,240,3.71,-9.70,4.76,-4.79
1668424054.93,240,-0.60,-10.01,4.75,-4.81
1668424054.93,240,5.18,-9.42,4.76,-4.79
1668424054.93,240,7.35,-9.10,4.76,-4.79
1668424054.93,240,7.35,-9.10,4.76,-4.79
1668424054.93,260,-2.76,4.21,-0.41,-0.32
1668424054.93,260,-0.75,3.96,5.31,2.72
1668424054.93,260,1.10,4.31,5.31,2.72
1668424054.93,260,3.42,4.45,5.37,2.70
1668424054.93,260,5.17,4.86,5.37,2.70
1668424054.93,260,-2.87,2.51,-0.41,-0.32
1668424054.93,260,-1.24,2.83,3.99,2.61
1668424054.93,260,1.44,2.83,5.31,2.72
1668424054.93,260,3.24,3.18,5.37,2.70
1668424054.93,260,4.46,3.17,5.37,2.70
1668424054.93,260,5.56,3.97,5.37,2.70
1668424054.93,260,5.53,0.98,4.50,2.35
1668424054.93,260,2.56,0.74,5.37,2.70
1668424054.93,260,-0.38,0.18,4.76,-4.79
1668424054.93,260,-2.41,0.76,-0.41,-0.32
1668424054.93,260,-2.15,-2.05,-0.41,-0.32
1668424054.93,260,-0.07,-0.98,4.76,-4.79
1668424054.93,260,2.09,-1.35,4.76,-4.79
1668424054.93,260,3.97,-1.76,4.76,-4.79
1668424054.93,260,5.60,-2.08,4.76,-4.79
1668424054.93,260,-1.89,-3.09,-14.59,-4.25
1668424054.93,260,-0.28,-3.04,4.76,-4.79
1668424054.93,260,2.06,-3.17,4.76,-4.79
1668424054.93,260,4.88,-2.81,4.76,-4.78
1668424054.93,260,6.60,-2.23,4.76,-4.79
1668424054.93,260,-2.42,-4.70,-0.41,-0.32
1668424054.93,260,-0.69,-4.50,4.76,-4.79
1668424054.93,260,1.67,-4.41,4.76,-4.79
1668424054.93,260,3.96,-5.02,4.76,-4.79
1668424054.93,260,5.74,-4.87,4.76,-4.79
1668424054.93,260,6.69,-3.95,4.76,-4.77
1668424054.93,260,-2.15,-6.27,-0.41,-0.32
1668424054.93,260,0.11,-6.07,4.76,-4.79
1668424054.93,260,2.15,-6.06,5.59,-5.72
1668424054.93,260,3.81,-5.48,4.76,-4.79
1668424054.93,260,6.94,-6.22,4.76,-4.79
1668424054.93,260,-1.95,-8.01,4.76,-4.79
1668424054.93,260,-0.37,-7.74,4.76,-4.79
1668424054.93,260,1.26,-7.95,5.59,-5.63
1668424054.93,260,3.46,-7.91,5.59,-5.74
1668424054.93,260,5.29,-7.77,4.76,-4.79
1668424054.93,260,6.62,-7.85,4.76,-4.79
1668424054.93,260,-2.14,-9.32,4.75,-4.81
1668424054.93,260,-0.48,-9.33,4.76,-4.79
1668424054.93,260,1.33,-8.87,6.99,-5.45
1668424054.93,260,3.71,-9.70,7.00,-5.45
1668424054.93,260,-0.60,-10.01,4.75,-4.81
1668424054.93,260,5.18,-9.42,6.99,-5.45
1668424054.93,260,7.35,-9.10,6.99,-5.45
1668424054.93,260,7.35,-9.10,6.99,-5.45
1668424054.93,280,-2.76,4.21,-0.41,-0.32
1668424054.93,280,-0.75,3.96,-0.41,-0.32
1668424054.93,280,1.10,4.31,-0.41,-0.32
1668424054.93,280,3.42,4.45,5.31,2.72
1668424054.93,280,5.17,4.86,5.31,2.72
1668424054.93,280,-2.87,2.51,-0.41,-0.32
1668424054.93,280,-1.24,2.83,-0.41,-0.32
1668424054.93,280,1.44,2.83,-0.41,-0.32
1668424054.93,280,3.24,3.18,5.31,2.72
1668424054.93,280,4.46,3.17,5.32,2.72
1668424054.93,280,5.56,3.97,5.31,2.72
1668424054.93,280,5.53,0.98,-0.41,-0.32
1668424054.93,280,2.56,0.74,-0.41,-0.32
1668424054.93,280,-0.38,0.18,-0.41,-0.32
1668424054.93,280,-2.41,0.76,-0.41,-0.32
1668424054.93,280,-2.15,-2.05,-0.41,-0.32
1668424054.93,280,-0.07,-0.98,-0.41,-0.32
1668424054.93,280,2.09,-1.35,-0.41,-0.32
1668424054.93,280,3.97,-1.76,-0.41,-0.32
1668424054.93,280,5.60,-2.08,-0.41,-0.32
1668424054.93,280,-1.89,-3.09,-0.41,-0.32
1668424054.93,280,-0.28,-3.04,-0.41,-0.32
1668424054.93,280,2.06,-3.17,-0.41,-0.31
1668424054.93,280,4.88,-2.81,-0.41,-0.32
1668424054.93,280,6.60,-2.23,-0.41,-0.32
1668424054.93,280,-2.42,-4.70,-0.41,-0.32
1668424054.93,280,-0.69,-4.50,4.76,-4.79
1668424054.93,280,1.67,-4.41,-0.41,-0.25
1668424054.93,280,3.96,-5.02,-0.41,-0.31
1668424054.93,280,5.74,-4.87,-0.41,-0.31
1668424054.93,280,6.69,-3.95,-0.41,-0.32
1668424054.93,280,-2.15,-6.27,-0.41,-0.32
1668424054.93,280,0.11,-6.07,4.76,-4.79
1668424054.93,280,2.15,-6.06,-0.43,0.06
1668424054.93,280,3.81,-5.48,-0.41,-0.31
1668424054.93,280,6.94,-6.22,-0.41,-0.31
1668424054.93,280,-1.95,-8.01,-0.41,-0.32
1668424054.93,280,-0.37,-7.74,-0.42,-0.13
1668424054.93,280,1.26,-7.95,1.99,0.25
1668424054.93,280,3.46,-7.91,-0.42,-0.19
1668424054.93,280,5.29,-7.77,-0.41,-0.29
1668424054.93,280,6.62,-7.85,-0.41,-0.30
1668424054.93,280,-2.14,-9.32,-0.41,-0.32
1668424054.93,280,-0.48,-9.33,-0.41,-0.32
1668424054.93,280,1.33,-8.87,0.21,0.01
1668424054.93,280,3.71,-9.70,-0.43,-0.10
1668424054.93,280,-0.60,-10.01,-nan,-nan
1668424054.93,280,5.18,-9.42,-0.41,-0.27
1668424054.93,280,7.35,-9.10,-0.41,-0.30
1668424054.93,280,7.35,-9.10,-0.41,-0.30
1668424054.93,300,-2.76,4.21,-0.41,-0.32
1668424054.93,300,-0.75,3.96,-0.41,-0.32
1668424054.93,300,1.10,4.31,-0.41,-0.32
1668424054.93,300,3.42,4.45,-0.41,-0.32
1668424054.93,300,5.17,4.86,4.01,2.64
1668424054.93,300,-2.87,2.51,-0.41,-0.32
1668424054.93,300,-1.24,2.83,-0.41,-0.32
1668424054.93,300,1.44,2.83,-0.41,-0.32
1668424054.93,300,3.24,3.18,-0.41,-0.32
1668424054.93,300,4.46,3.17,-0.41,-0.32
1668424054.93,300,5.56,3.97,5.31,2.72
1668424054.93,300,5.53,0.98,-0.41,-0.32
1668424054.93,300,2.56,0.74,-0.41,-0.32
1668424054.93,300,-0.38,0.18,-0.41,-0.32
1668424054.93,300,-2.41,0.76,-0.41,-0.32
1668424054.93,300,-2.15,-2.05,-0.41,-0.32
1668424054.93,300,-0.07,-0.98,-0.41,-0.32
1668424054.93,300,2.09,-1.35,-0.41,-0.32
1668424054.93,300,3.97,-1.76,-0.41,-0.32
1668424054.93,300,5.60,-2.08,-0.41,-0.32
1668424054.93,300,-1.89,-3.09,-0.41,-0.32
1668424054.93,300,-0.28,-3.04,-0.41,-0.32
1668424054.93,300,2.06,-3.17,-0.41,-0.32
1668424054.93,300,4.88,-2.81,-0.41,-0.32
1668424054.93,300,6.60,-2.23,-0.41,-0.32
1668424054.93,300,-2.42,-4.70,-0.41,-0.32
1668424054.93,300,-0.69,-4.50,-0.41,-0.32
1668424054.93,300,1.67,-4.41,-0.41,-0.32
1668424054.93,300,3.96,-5.02,-0.41,-0.32
1668424054.93,300,5.74,-4.87,-0.41,-0.32
1668424054.93,300,6.69,-3.95,-0.41,-0.32
1668424054.93,300,-2.15,-6.27,-0.41,-0.32
1668424054.93,300,0.11,-6.07,-0.41,-0.32
1668424054.93,300,2.15,-6.06,-0.41,-0.32
1668424054.93,300,3.81,-5.48,-0.41,-0.32
1668424054.93,300,6.94,-6.22,-0.41,-0.32
1668424054.93,300,-1.95,-8.01,-0.41,-0.33
1668424054.93,300,-0.37,-7.74,-0.41,-0.33
1668424054.93,300,1.26,-7.95,-0.41,-0.34
1668424054.93,300,3.46,-7.91,-0.41,-0.32
1668424054.93,300,5.29,-7.77,-0.41,-0.32
1668424054.93,300,6.62,-7.85,-0.41,-0.32
1668424054.93,300,-2.14,-9.32,-nan,-nan
1668424054.93,300,-0.48,-9.33,-0.41,-0.33
1668424054.93,300,1.33,-8.87,-0.41,-0.33
1668424054.93,300,3.71,-9.70,-0.41,-0.32
1668424054.93,300,-0.60,-10.01,-nan,-nan
1668424054.93,300,5.18,-9.42,-0.41,-0.32
1668424054.93,300,7.35,-9.10,-0.41,-0.33
1668424054.93,300,7.35,-9.10,-0.41,-0.33
1668424054.93,320,-2.76,4.21,-0.41,-0.32
1668424054.93,320,-0.75,3.96,-0.41,-0.32
1668424054.93,320,1.10,4.31,-0.41,-0.32
1668424054.93,320,3.42,4.45,-0.41,-0.32
1668424054.93,320,5.17,4.86,-0.41,-0.32
1668424054.93,320,-2.87,2.51,-0.41,-0.32
1668424054.93,320,-1.24,2.83,-0.41,-0.32
1668424054.93,320,1.44,2.83,-0.41,-0.32
1668424054.93,320,3.24,3.18,-0.41,-0.32
1668424054.93,320,4.46,3.17,-0.41,-0.32
1668424054.93,320,5.56,3.97,-0.41,-0.32
1668424054.93,320,5.53,0.98,-0.41,-0.32
1668424054.93,320,2.56,0.74,-0.41,-0.32
1668424054.93,320,-0.38,0.18,-0.41,-0.32
1668424054.93,320,-2.41,0.76,-0.41,-0.32
1668424054.93,320,-2.15,-2.05,-0.41,-0.32
1668424054.93,320,-0.07,-0.98,-0.41,-0.32
1668424054.93,320,2.09,-1.35,-0.41,-0.32
1668424054.93,320,3.97,-1.76,-0.41,-0.32
1668424054.93,320,5.60,-2.08,5.31,2.72
1668424054.93,320,-1.89,-3.09,-0.41,-0.32
1668424054.93,320,-0.28,-3.04,-0.41,-0.32
1668424054.93,320,2.06,-3.17,-0.41,-0.32
1668424054.93,320,4.88,-2.81,-0.41,-0.32
1668424054.93,320,6.60,-2.23,6.98,-0.62
1668424054.93,320,-2.42,-4.70,-0.41,-0.32
1668424054.93,320,-0.69,-4.50,-0.41,-0.32
1668424054.93,320,1.67,-4.41,-0.41,-0.32
1668424054.93,320,3.96,-5.02,-0.41,-0.32
1668424054.93,320,5.74,-4.87,7.03,-1.28
1668424054.93,320,6.69,-3.95,7.02,-1.19
1668424054.93,320,-2.15,-6.27,-0.41,-0.33
1668424054.93,320,0.11,-6.07,-0.41,-0.33
1668424054.93,320,2.15,-6.06,-0.41,-0.36
1668424054.93,320,3.81,-5.48,-0.41,-0.32
1668424054.93,320,6.94,-6.22,7.02,-1.20
1668424054.93,320,-1.95,-8.01,-0.41,-0.33
1668424054.93,320,-0.37,-7.74,-0.41,-0.33
1668424054.93,320,1.26,-7.95,-0.41,-0.33
1668424054.93,320,3.46,-7.91,-0.41,-0.33
1668424054.93,320,5.29,-7.77,7.02,-1.29
1668424054.93,320,6.62,-7.85,-nan,-nan
1668424054.93,320,-2.14,-9.32,-0.41,-0.33
1668424054.93,320,-0.48,-9.33,-0.41,-0.33
1668424054.93,320,1.33,-8.87,-0.41,-0.33
1668424054.93,320,3.71,-9.70,-0.41,-0.32
1668424054.93,320,-0.60,-10.01,-0.41,-0.33
1668424054.93,320,5.18,-9.42,7.02,-1.20
1668424054.93,320,7.35,-9.10,-nan,-nan
1668424054.93,320,7.35,-9.10,-nan,-nan
1668424054.93,340,-2.76,4.21,-0.41,-0.32
1668424054.93,340,-0.75,3.96,-0.41,-0.32
1668424054.93,340,1.10,4.31,-0.41,-0.32
1668424054.93,340,3.42,4.45,3.01,4.66
1668424054.93,340,5.17,4.86,3.19,4.69
1668424054.93,340,-2.87,2.51,-0.41,-0.32
1668424054.93,340,-1.24,2.83,-0.41,-0.32
1668424054.93,340,1.44,2.83,-0.41,-0.32
1668424054.93,340,3.24,3.18,-0.41,-0.32
1668424054.93,340,4.46,3.17,-0.41,-0.32
1668424054.93,340,5.56,3.97,3.19,4.69
1668424054.93,340,5.53,0.98,-0.41,-0.32
1668424054.93,340,2.56,0.74,-0.41,-0.32
1668424054.93,340,-0.38,0.18,-0.41,-0.32
1668424054.93,340,-2.41,0.76,-0.41,-0.32
1668424054.93,340,-2.15,-2.05,-0.41,-0.32
1668424054.93,340,-0.07,-0.98,-0.41,-0.32
1668424054.93,340,2.09,-1.35,-0.41,-0.32
1668424054.93,340,3.97,-1.76,-0.41,-0.32
1668424054.93,340,5.60,-2.08,-0.41,-0.32
1668424054.93,340,-1.89,-3.09,-0.41,-0.32
1668424054.93,340,-0.28,-3.04,-0.41,-0.33
1668424054.93,340,2.06,-3.17,-0.41,-0.32
1668424054.93,340,4.88,-2.81,-0.41,-0.32
1668424054.93,340,6.60,-2.23,6.56,1.69
1668424054.93,340,-2.42,-4.70,-0.41,-0.33
1668424054.93,340,-0.69,-4.50,-0.41,-0.33
1668424054.93,340,1.67,-4.41,-0.41,-0.32
1668424054.93,340,3.96,-5.02,5.31,2.72
1668424054.93,340,5.74,-4.87,5.31,2.72
1668424054.93,340,6.69,-3.95,-0.41,-0.32
1668424054.93,340,-2.15,-6.27,-0.41,-0.33
1668424054.93,340,0.11,-6.07,-0.41,-0.33
1668424054.93,340,2.15,-6.06,-0.41,-0.32
1668424054.93,340,3.81,-5.48,5.31,2.72
1668424054.93,340,6.94,-6.22,-nan,-nan
1668424054.93,340,-1.95,-8.01,-0.41,-0.33
1668424054.93,340,-0.37,-7.74,-0.41,-0.33
1668424054.93,340,1.26,-7.95,-0.41,-0.33
1668424054.93,340,3.46,-7.91,7.02,-1.29
1668424054.93,340,5.29,-7.77,-nan,-nan
1668424054.93,340,6.62,-7.85,-nan,-nan
1668424054.93,340,-2.14,-9.32,-0.41,-0.33
1668424054.93,340,-0.48,-9.33,-0.41,-0.33
1668424054.93,340,1.33,-8.87,-0.41,-0.33
1668424054.93,340,3.71,-9.70,-0.41,-0.33
1668424054.93,340,-0.60,-10.01,-0.41,-0.33
1668424054.93,340,5.18,-9.42,-0.41,-0.33
1668424054.93,340,7.35,-9.10,-nan,-nan
1668424054.93,340,7.35,-9.10,-nan,-nan
