1668424074.62,0,-2.76,4.21,-2.34,-0.04
1668424074.62,0,-0.75,3.96,1.64,-0.15
1668424074.62,0,1.10,4.31,0.91,-4.69
1668424074.62,0,3.42,4.45,0.91,-4.69
1668424074.62,0,5.17,4.86,0.91,-4.69
1668424074.62,0,-2.87,2.51,-2.35,-0.04
1668424074.62,0,-1.24,2.83,1.64,-0.15
1668424074.62,0,1.44,2.83,0.91,-4.69
1668424074.62,0,3.24,3.18,1.64,-0.15
1668424074.62,0,4.46,3.17,0.91,-4.69
1668424074.62,0,5.56,3.97,0.91,-4.69
1668424074.62,0,5.53,0.98,0.91,-4.69
1668424074.62,0,2.56,0.74,0.91,-4.69
1668424074.62,0,-0.38,0.18,0.91,-4.69
1668424074.62,0,-2.41,0.76,-2.30,0.04
1668424074.62,0,-2.15,-2.05,0.46,-7.36
1668424074.62,0,-0.07,-0.98,0.91,-4.69
1668424074.62,0,2.09,-1.35,0.91,-4.69
1668424074.62,0,3.97,-1.76,0.91,-4.69
1668424074.62,0,5.60,-2.08,0.91,-4.69
1668424074.62,0,-1.89,-3.09,0.46,-7.37
1668424074.62,0,-0.28,-3.04,0.91,-4.69
1668424074.62,0,2.06,-3.17,0.91,-4.69
1668424074.62,0,4.88,-2.81,0.91,-4.69
1668424074.62,0,6.60,-2.23,0.91,-4.69
1668424074.62,0,-2.42,-4.70,1.94,-7.53
1668424074.62,0,-0.69,-4.50,2.00,-7.51
1668424074.62,0,1.67,-4.41,0.91,-4.69
1668424074.62,0,3.96,-5.02,2.01,-7.51
1668424074.62,0,5.74,-4.87,2.01,-7.51
1668424074.62,0,6.69,-3.95,2.01,-7.51
1668424074.62,0,-2.15,-6.27,2.01,-7.51
1668424074.62,0,0.11,-6.07,2.00,-7.51
1668424074.62,0,2.15,-6.06,2.00,-7.51
1668424074.62,0,3.81,-5.48,2.01,-7.51
1668424074.62,0,6.94,-6.22,2.00,-7.51
1668424074.62,0,-1.95,-8.01,2.00,-7.51
1668424074.62,0,-0.37,-7.74,2.00,-7.51
1668424074.62,0,1.26,-7.95,2.00,-7.51
1668424074.62,0,3.46,-7.91,2.00,-7.51
1668424074.62,0,5.29,-7.77,2.00,-7.51
1668424074.62,0,6.62,-7.85,2.01,-7.51
1668424074.62,0,-2.14,-9.32,2.01,-7.51
1668424074.62,0,-0.48,-9.33,2.00,-7.51
1668424074.62,0,1.33,-8.87,2.01,-7.51
1668424074.62,0,3.71,-9.70,2.00,-7.51
1668424074.62,0,-0.60,-10.01,2.01,-7.51
1668424074.62,0,5.18,-9.42,2.00,-7.51
1668424074.62,0,7.35,-9.10,2.00,-7.51
1668424074.62,0,7.35,-9.10,2.00,-7.51
1668424074.62,10,-2.76,4.21,-2.35,0.03
1668424074.62,10,-0.75,3.96,4.48,-3.44
1668424074.62,10,1.10,4.31,0.91,-4.69
1668424074.62,10,3.42,4.45,1.64,-0.15
1668424074.62,10,5.17,4.86,1.64,-0.15
1668424074.62,10,-2.87,2.51,-2.43,0.03
1668424074.62,10,-1.24,2.83,0.91,-4.69
1668424074.62,10,1.44,2.83,1.64,-0.15
1668424074.62,10,3.24,3.18,0.91,-4.69
1668424074.62,10,4.46,3.17,0.91,-4.69
1668424074.62,10,5.56,3.97,0.91,-4.69
1668424074.62,10,5.53,0.98,0.91,-4.69
1668424074.62,10,2.56,0.74,0.91,-4.69
1668424074.62,10,-0.38,0.18,4.48,-3.44
1668424074.62,10,-2.41,0.76,-2.30,0.03
1668424074.62,10,-2.15,-2.05,0.46,-7.37
1668424074.62,10,-0.07,-0.98,0.91,-4.69
1668424074.62,10,2.09,-1.35,0.91,-4.69
1668424074.62,10,3.97,-1.76,0.91,-4.69
1668424074.62,10,5.60,-2.08,0.91,-4.69
1668424074.62,10,-1.89,-3.09,0.46,-7.41
1668424074.62,10,-0.28,-3.04,5.68,-3.25
1668424074.62,10,2.06,-3.17,0.91,-4.69
1668424074.62,10,4.88,-2.81,0.91,-4.69
1668424074.62,10,6.60,-2.23,0.91,-4.69
1668424074.62,10,-2.42,-4.70,1.94,-7.53
1668424074.62,10,-0.69,-4.50,2.00,-7.51
1668424074.62,10,1.67,-4.41,2.01,-7.51
1668424074.62,10,3.96,-5.02,2.00,-7.51
1668424074.62,10,5.74,-4.87,2.01,-7.51
1668424074.62,10,6.69,-3.95,2.00,-7.51
1668424074.62,10,-2.15,-6.27,2.00,-7.51
1668424074.62,10,0.11,-6.07,2.00,-7.51
1668424074.62,10,2.15,-6.06,2.01,-7.51
1668424074.62,10,3.81,-5.48,2.01,-7.51
1668424074.62,10,6.94,-6.22,5.94,-6.23
1668424074.62,10,-1.95,-8.01,2.00,-7.51
1668424074.62,10,-0.37,-7.74,2.00,-7.51
1668424074.62,10,1.26,-7.95,2.00,-7.51
1668424074.62,10,3.46,-7.91,2.01,-7.51
1668424074.62,10,5.29,-7.77,2.00,-7.51
1668424074.62,10,6.62,-7.85,5.94,-6.22
1668424074.62,10,-2.14,-9.32,2.00,-7.51
1668424074.62,10,-0.48,-9.33,2.00,-7.51
1668424074.62,10,1.33,-8.87,2.00,-7.51
1668424074.62,10,3.71,-9.70,2.00,-7.51
1668424074.62,10,-0.60,-10.01,2.00,-7.51
1668424074.62,10,5.18,-9.42,2.01,-7.51
1668424074.62,10,7.35,-9.10,5.94,-6.22
1668424074.62,10,7.35,-9.10,5.94,-6.22
1668424074.62,20,-2.76,4.21,-2.43,0.03
1668424074.62,20,-0.75,3.96,4.40,-3.18
1668424074.62,20,1.10,4.31,4.48,-3.44
1668424074.62,20,3.42,4.45,0.91,-4.69
1668424074.62,20,5.17,4.86,0.91,-4.69
1668424074.62,20,-2.87,2.51,-2.30,0.03
1668424074.62,20,-1.24,2.83,4.30,-1.49
1668424074.62,20,1.44,2.83,4.48,-3.44
1668424074.62,20,3.24,3.18,1.64,-0.15
1668424074.62,20,4.46,3.17,1.64,-0.15
1668424074.62,20,5.56,3.97,0.91,-4.69
1668424074.62,20,5.53,0.98,0.91,-4.69
1668424074.62,20,2.56,0.74,1.64,-0.15
1668424074.62,20,-0.38,0.18,4.30,-1.46
1668424074.62,20,-2.41,0.76,-2.30,0.03
1668424074.62,20,-2.15,-2.05,0.46,-7.37
1668424074.62,20,-0.07,-0.98,4.48,-3.44
1668424074.62,20,2.09,-1.35,5.01,-3.03
1668424074.62,20,3.97,-1.76,5.68,-3.19
1668424074.62,20,5.60,-2.08,5.73,-3.63
1668424074.62,20,-1.89,-3.09,2.00,-7.51
1668424074.62,20,-0.28,-3.04,4.46,-3.33
1668424074.62,20,2.06,-3.17,4.46,-3.39
1668424074.62,20,4.88,-2.81,4.48,-3.43
1668424074.62,20,6.60,-2.23,5.75,-3.96
1668424074.62,20,-2.42,-4.70,2.00,-7.51
1668424074.62,20,-0.69,-4.50,2.00,-7.51
1668424074.62,20,1.67,-4.41,5.94,-6.22
1668424074.62,20,3.96,-5.02,5.94,-6.22
1668424074.62,20,5.74,-4.87,5.94,-6.21
1668424074.62,20,6.69,-3.95,5.94,-6.23
1668424074.62,20,-2.15,-6.27,1.94,-7.53
1668424074.62,20,0.11,-6.07,2.01,-7.51
1668424074.62,20,2.15,-6.06,5.94,-6.22
1668424074.62,20,3.81,-5.48,5.96,-6.24
1668424074.62,20,6.94,-6.22,5.94,-6.21
1668424074.62,20,-1.95,-8.01,2.00,-7.51
1668424074.62,20,-0.37,-7.74,2.00,-7.51
1668424074.62,20,1.26,-7.95,2.01,-7.51
1668424074.62,20,3.46,-7.91,5.94,-6.22
1668424074.62,20,5.29,-7.77,5.94,-6.21
1668424074.62,20,6.62,-7.85,5.94,-6.22
1668424074.62,20,-2.14,-9.32,2.01,-7.51
1668424074.62,20,-0.48,-9.33,2.00,-7.51
1668424074.62,20,1.33,-8.87,2.00,-7.51
1668424074.62,20,3.71,-9.70,5.96,-6.23
1668424074.62,20,-0.60,-10.01,2.00,-7.51
1668424074.62,20,5.18,-9.42,5.94,-6.22
1668424074.62,20,7.35,-9.10,2.09,-9.77
1668424074.62,20,7.35,-9.10,2.09,-9.77
1668424074.62,30,-2.76,4.21,-2.30,0.04
1668424074.62,30,-0.75,3.96,4.26,-1.25
1668424074.62,30,1.10,4.31,4.30,-1.46
1668424074.62,30,3.42,4.45,4.46,-3.33
1668424074.62,30,5.17,4.86,4.48,-3.44
1668424074.62,30,-2.87,2.51,-2.30,0.03
1668424074.62,30,-1.24,2.83,4.30,-1.49
1668424074.62,30,1.44,2.83,4.37,-3.09
1668424074.62,30,3.24,3.18,4.46,-3.33
1668424074.62,30,4.46,3.17,4.48,-3.44
1668424074.62,30,5.56,3.97,4.48,-3.44
1668424074.62,30,5.53,0.98,4.46,-3.34
1668424074.62,30,2.56,0.74,4.46,-3.33
1668424074.62,30,-0.38,0.18,4.30,-1.46
1668424074.62,30,-2.41,0.76,-2.30,0.03
1668424074.62,30,-2.15,-2.05,2.00,-7.51
1668424074.62,30,-0.07,-0.98,4.30,-1.49
1668424074.62,30,2.09,-1.35,5.01,-2.99
1668424074.62,30,3.97,-1.76,5.19,-3.01
1668424074.62,30,5.60,-2.08,5.69,-3.34
1668424074.62,30,-1.89,-3.09,2.01,-7.51
1668424074.62,30,-0.28,-3.04,1.97,-1.26
1668424074.62,30,2.06,-3.17,5.73,-3.63
1668424074.62,30,4.88,-2.81,4.48,-3.44
1668424074.62,30,6.60,-2.23,5.74,-3.87
1668424074.62,30,-2.42,-4.70,2.00,-7.51
1668424074.62,30,-0.69,-4.50,4.46,-3.37
1668424074.62,30,1.67,-4.41,5.93,-6.24
1668424074.62,30,3.96,-5.02,5.94,-6.22
1668424074.62,30,5.74,-4.87,5.95,-6.23
1668424074.62,30,6.69,-3.95,5.86,-5.96
1668424074.62,30,-2.15,-6.27,2.00,-7.51
1668424074.62,30,0.11,-6.07,5.94,-6.22
1668424074.62,30,2.15,-6.06,5.96,-6.23
1668424074.62,30,3.81,-5.48,5.94,-6.21
1668424074.62,30,6.94,-6.22,5.95,-6.23
1668424074.62,30,-1.95,-8.01,2.00,-7.51
1668424074.62,30,-0.37,-7.74,5.94,-6.22
1668424074.62,30,1.26,-7.95,5.94,-6.22
1668424074.62,30,3.46,-7.91,5.94,-6.21
1668424074.62,30,5.29,-7.77,5.94,-6.22
1668424074.62,30,6.62,-7.85,5.94,-6.22
1668424074.62,30,-2.14,-9.32,2.00,-7.51
1668424074.62,30,-0.48,-9.33,5.94,-6.21
1668424074.62,30,1.33,-8.87,5.94,-6.22
1668424074.62,30,3.71,-9.70,2.09,-9.77
1668424074.62,30,-0.60,-10.01,5.94,-6.22
1668424074.62,30,5.18,-9.42,2.09,-9.77
1668424074.62,30,7.35,-9.10,2.09,-9.77
1668424074.62,30,7.35,-9.10,2.09,-9.77
1668424074.62,40,-2.76,4.21,-2.30,0.03
1668424074.62,40,-0.75,3.96,4.25,-1.19
1668424074.62,40,1.10,4.31,4.25,-1.19
1668424074.62,40,3.42,4.45,4.30,-1.46
1668424074.62,40,5.17,4.86,4.30,-1.49
1668424074.62,40,-2.87,2.51,-2.30,0.03
1668424074.62,40,-1.24,2.83,4.25,-1.18
1668424074.62,40,1.44,2.83,4.30,-1.49
1668424074.62,40,3.24,3.18,4.30,-1.49
1668424074.62,40,4.46,3.17,4.30,-1.49
1668424074.62,40,5.56,3.97,4.30,-1.47
1668424074.62,40,5.53,0.98,4.41,-3.21
1668424074.62,40,2.56,0.74,4.30,-1.49
1668424074.62,40,-0.38,0.18,4.25,-1.19
1668424074.62,40,-2.41,0.76,-2.30,0.03
1668424074.62,40,-2.15,-2.05,2.00,-7.51
1668424074.62,40,-0.07,-0.98,4.25,-1.18
1668424074.62,40,2.09,-1.35,4.46,-3.33
1668424074.62,40,3.97,-1.76,4.48,-3.44
1668424074.62,40,5.60,-2.08,5.68,-2.58
1668424074.62,40,-1.89,-3.09,5.02,-3.06
1668424074.62,40,-0.28,-3.04,1.97,-1.26
1668424074.62,40,2.06,-3.17,5.01,-3.02
1668424074.62,40,4.88,-2.81,5.67,-3.11
1668424074.62,40,6.60,-2.23,5.67,-3.17
1668424074.62,40,-2.42,-4.70,5.94,-6.22
1668424074.62,40,-0.69,-4.50,1.97,-1.26
1668424074.62,40,1.67,-4.41,4.49,-3.44
1668424074.62,40,3.96,-5.02,5.94,-6.23
1668424074.62,40,5.74,-4.87,5.94,-6.22
1668424074.62,40,6.69,-3.95,5.76,-4.06
1668424074.62,40,-2.15,-6.27,5.96,-6.24
1668424074.62,40,0.11,-6.07,5.94,-6.22
1668424074.62,40,2.15,-6.06,5.94,-6.22
1668424074.62,40,3.81,-5.48,5.94,-6.21
1668424074.62,40,6.94,-6.22,5.95,-6.23
1668424074.62,40,-1.95,-8.01,5.94,-6.22
1668424074.62,40,-0.37,-7.74,5.96,-6.23
1668424074.62,40,1.26,-7.95,5.94,-6.21
1668424074.62,40,3.46,-7.91,5.94,-6.22
1668424074.62,40,5.29,-7.77,5.96,-6.23
1668424074.62,40,6.62,-7.85,5.94,-6.22
1668424074.62,40,-2.14,-9.32,5.93,-6.24
1668424074.62,40,-0.48,-9.33,5.94,-6.22
1668424074.62,40,1.33,-8.87,2.09,-9.77
1668424074.62,40,3.71,-9.70,2.09,-9.77
1668424074.62,40,-0.60,-10.01,2.09,-9.77
1668424074.62,40,5.18,-9.42,2.09,-9.77
1668424074.62,40,7.35,-9.10,7.53,-9.58
1668424074.62,40,7.35,-9.10,7.53,-9.58
1668424074.62,50,-2.76,4.21,-2.30,0.03
1668424074.62,50,-0.75,3.96,4.25,-1.18
1668424074.62,50,1.10,4.31,4.25,-1.18
1668424074.62,50,3.42,4.45,4.25,-1.18
1668424074.62,50,5.17,4.86,4.50,3.43
1668424074.62,50,-2.87,2.51,-2.30,0.03
1668424074.62,50,-1.24,2.83,4.25,-1.19
1668424074.62,50,1.44,2.83,4.25,-1.15
1668424074.62,50,3.24,3.18,4.25,-1.19
1668424074.62,50,4.46,3.17,4.28,-1.30
1668424074.62,50,5.56,3.97,4.31,-1.42
1668424074.62,50,5.53,0.98,4.30,-1.49
1668424074.62,50,2.56,0.74,4.30,-1.49
1668424074.62,50,-0.38,0.18,4.25,-1.19
1668424074.62,50,-2.41,0.76,4.25,-1.17
1668424074.62,50,-2.15,-2.05,1.97,-1.26
1668424074.62,50,-0.07,-0.98,1.97,-1.26
1668424074.62,50,2.09,-1.35,4.30,-1.47
1668424074.62,50,3.97,-1.76,4.46,-3.34
1668424074.62,50,5.60,-2.08,4.48,-3.44
1668424074.62,50,-1.89,-3.09,1.97,-1.26
1668424074.62,50,-0.28,-3.04,1.97,-1.26
1668424074.62,50,2.06,-3.17,4.30,-1.47
1668424074.62,50,4.88,-2.81,5.01,-3.02
1668424074.62,50,6.60,-2.23,5.66,-2.33
1668424074.62,50,-2.42,-4.70,1.97,-1.26
1668424074.62,50,-0.69,-4.50,1.96,-1.26
1668424074.62,50,1.67,-4.41,1.97,-1.26
1668424074.62,50,3.96,-5.02,4.49,-3.44
1668424074.62,50,5.74,-4.87,5.76,-4.05
1668424074.62,50,6.69,-3.95,5.70,-3.45
1668424074.62,50,-2.15,-6.27,5.94,-6.23
1668424074.62,50,0.11,-6.07,1.97,-1.26
1668424074.62,50,2.15,-6.06,5.86,-5.93
1668424074.62,50,3.81,-5.48,5.94,-6.22
1668424074.62,50,6.94,-6.22,5.94,-6.21
1668424074.62,50,-1.95,-8.01,5.86,-5.96
1668424074.62,50,-0.37,-7.74,1.97,-1.27
1668424074.62,50,1.26,-7.95,1.97,-1.27
1668424074.62,50,3.46,-7.91,5.95,-6.23
1668424074.62,50,5.29,-7.77,5.94,-6.23
1668424074.62,50,6.62,-7.85,6.40,-6.09
1668424074.62,50,-2.14,-9.32,2.09,-9.77
1668424074.62,50,-0.48,-9.33,2.09,-9.77
1668424074.62,50,1.33,-8.87,2.09,-9.77
1668424074.62,50,3.71,-9.70,2.09,-9.77
1668424074.62,50,-0.60,-10.01,2.09,-9.77
1668424074.62,50,5.18,-9.42,2.09,-9.77
1668424074.62,50,7.35,-9.10,7.53,-9.57
1668424074.62,50,7.35,-9.10,7.53,-9.57
1668424074.62,60,-2.76,4.21,4.25,-1.18
1668424074.62,60,-0.75,3.96,4.25,-1.19
1668424074.62,60,1.10,4.31,4.25,-1.18
1668424074.62,60,3.42,4.45,4.25,-1.18
1668424074.62,60,5.17,4.86,4.73,3.57
1668424074.62,60,-2.87,2.51,1.97,-1.26
1668424074.62,60,-1.24,2.83,4.25,-1.19
1668424074.62,60,1.44,2.83,4.25,-1.19
1668424074.62,60,3.24,3.18,4.25,-1.18
1668424074.62,60,4.46,3.17,4.26,-1.21
1668424074.62,60,5.56,3.97,4.75,3.62
1668424074.62,60,5.53,0.98,4.29,-1.35
1668424074.62,60,2.56,0.74,4.26,-1.21
1668424074.62,60,-0.38,0.18,1.97,-1.26
1668424074.62,60,-2.41,0.76,1.97,-1.26
1668424074.62,60,-2.15,-2.05,1.97,-1.26
1668424074.62,60,-0.07,-0.98,1.97,-1.26
1668424074.62,60,2.09,-1.35,4.28,-1.33
1668424074.62,60,3.97,-1.76,4.30,-1.49
1668424074.62,60,5.60,-2.08,4.41,-3.21
1668424074.62,60,-1.89,-3.09,1.97,-1.26
1668424074.62,60,-0.28,-3.04,1.97,-1.26
1668424074.62,60,2.06,-3.17,1.97,-1.26
1668424074.62,60,4.88,-2.81,4.46,-3.34
1668424074.62,60,6.60,-2.23,4.46,-3.33
1668424074.62,60,-2.42,-4.70,1.97,-1.26
1668424074.62,60,-0.69,-4.50,1.97,-1.26
1668424074.62,60,1.67,-4.41,1.97,-1.26
1668424074.62,60,3.96,-5.02,4.48,-3.44
1668424074.62,60,5.74,-4.87,4.48,-3.43
1668424074.62,60,6.69,-3.95,5.62,-1.93
1668424074.62,60,-2.15,-6.27,1.97,-1.26
1668424074.62,60,0.11,-6.07,1.97,-1.26
1668424074.62,60,2.15,-6.06,1.97,-1.27
1668424074.62,60,3.81,-5.48,4.46,-3.33
1668424074.62,60,6.94,-6.22,5.76,-4.06
1668424074.62,60,-1.95,-8.01,1.97,-1.27
1668424074.62,60,-0.37,-7.74,1.97,-1.27
1668424074.62,60,1.26,-7.95,1.96,-1.28
1668424074.62,60,3.46,-7.91,4.48,-3.44
1668424074.62,60,5.29,-7.77,5.94,-6.22
1668424074.62,60,6.62,-7.85,5.93,-6.24
1668424074.62,60,-2.14,-9.32,2.09,-9.77
1668424074.62,60,-0.48,-9.33,2.09,-9.77
1668424074.62,60,1.33,-8.87,2.09,-9.77
1668424074.62,60,3.71,-9.70,2.09,-9.77
1668424074.62,60,-0.60,-10.01,2.09,-9.77
1668424074.62,60,5.18,-9.42,4.91,-9.52
1668424074.62,60,7.35,-9.10,7.53,-9.58
1668424074.62,60,7.35,-9.10,7.53,-9.58
1668424074.62,70,-2.76,4.21,1.97,-1.26
1668424074.62,70,-0.75,3.96,4.25,-1.18
1668424074.62,70,1.10,4.31,4.25,-1.19
1668424074.62,70,3.42,4.45,4.25,-1.19
1668424074.62,70,5.17,4.86,4.25,-1.19
1668424074.62,70,-2.87,2.51,1.97,-1.26
1668424074.62,70,-1.24,2.83,1.97,-1.26
1668424074.62,70,1.44,2.83,4.25,-1.19
1668424074.62,70,3.24,3.18,4.25,-1.19
1668424074.62,70,4.46,3.17,4.25,-1.19
1668424074.62,70,5.56,3.97,4.25,-1.19
1668424074.62,70,5.53,0.98,4.25,-1.18
1668424074.62,70,2.56,0.74,4.25,-1.19
1668424074.62,70,-0.38,0.18,1.97,-1.26
1668424074.62,70,-2.41,0.76,1.97,-1.26
1668424074.62,70,-2.15,-2.05,1.97,-1.26
1668424074.62,70,-0.07,-0.98,1.97,-1.26
1668424074.62,70,2.09,-1.35,1.97,-1.26
1668424074.62,70,3.97,-1.76,4.30,-1.46
1668424074.62,70,5.60,-2.08,4.30,-1.47
1668424074.62,70,-1.89,-3.09,1.96,-1.26
1668424074.62,70,-0.28,-3.04,1.97,-1.26
1668424074.62,70,2.06,-3.17,1.97,-1.26
1668424074.62,70,4.88,-2.81,4.33,-3.00
1668424074.62,70,6.60,-2.23,4.30,-1.47
1668424074.62,70,-2.42,-4.70,1.96,-1.26
1668424074.62,70,-0.69,-4.50,1.97,-1.26
1668424074.62,70,1.67,-4.41,1.97,-1.26
1668424074.62,70,3.96,-5.02,4.48,-3.44
1668424074.62,70,5.74,-4.87,4.48,-3.44
1668424074.62,70,6.69,-3.95,4.48,-3.44
1668424074.62,70,-2.15,-6.27,1.97,-1.26
1668424074.62,70,0.11,-6.07,1.97,-1.27
1668424074.62,70,2.15,-6.06,1.97,-1.27
1668424074.62,70,3.81,-5.48,4.48,-3.44
1668424074.62,70,6.94,-6.22,5.67,-2.61
1668424074.62,70,-1.95,-8.01,1.97,-1.28
1668424074.62,70,-0.37,-7.74,1.96,-1.27
1668424074.62,70,1.26,-7.95,1.97,-1.27
1668424074.62,70,3.46,-7.91,1.97,-1.27
1668424074.62,70,5.29,-7.77,5.76,-4.05
1668424074.62,70,6.62,-7.85,-nan,-nan
1668424074.62,70,-2.14,-9.32,2.09,-9.77
1668424074.62,70,-0.48,-9.33,2.09,-9.77
1668424074.62,70,1.33,-8.87,2.09,-9.77
1668424074.62,70,3.71,-9.70,4.06,-9.65
1668424074.62,70,-0.60,-10.01,2.09,-9.77
1668424074.62,70,5.18,-9.42,6.40,-6.11
1668424074.62,70,7.35,-9.10,-nan,-nan
1668424074.62,70,7.35,-9.10,-nan,-nan
1668424074.62,80,-2.76,4.21,1.97,-1.26
1668424074.62,80,-0.75,3.96,1.97,-1.26
1668424074.62,80,1.10,4.31,4.25,-1.18
1668424074.62,80,3.42,4.45,4.25,-1.18
1668424074.62,80,5.17,4.86,4.25,-1.19
1668424074.62,80,-2.87,2.51,1.97,-1.26
1668424074.62,80,-1.24,2.83,1.97,-1.26
1668424074.62,80,1.44,2.83,1.97,-1.26
1668424074.62,80,3.24,3.18,1.97,-1.26
1668424074.62,80,4.46,3.17,4.25,-1.19
1668424074.62,80,5.56,3.97,4.25,-1.19
1668424074.62,80,5.53,0.98,4.25,-1.19
1668424074.62,80,2.56,0.74,1.97,-1.26
1668424074.62,80,-0.38,0.18,1.97,-1.26
1668424074.62,80,-2.41,0.76,1.97,-1.26
1668424074.62,80,-2.15,-2.05,1.96,-1.26
1668424074.62,80,-0.07,-0.98,1.97,-1.26
1668424074.62,80,2.09,-1.35,1.97,-1.26
1668424074.62,80,3.97,-1.76,4.25,-1.19
1668424074.62,80,5.60,-2.08,4.25,-1.19
1668424074.62,80,-1.89,-3.09,1.96,-1.26
1668424074.62,80,-0.28,-3.04,1.96,-1.26
1668424074.62,80,2.06,-3.17,1.97,-1.26
1668424074.62,80,4.88,-2.81,4.17,-2.00
1668424074.62,80,6.60,-2.23,4.25,-1.18
1668424074.62,80,-2.42,-4.70,1.96,-1.26
1668424074.62,80,-0.69,-4.50,1.97,-1.26
1668424074.62,80,1.67,-4.41,1.97,-1.26
1668424074.62,80,3.96,-5.02,4.42,-3.25
1668424074.62,80,5.74,-4.87,4.38,-3.11
1668424074.62,80,6.69,-3.95,4.28,-2.75
1668424074.62,80,-2.15,-6.27,1.96,-1.26
1668424074.62,80,0.11,-6.07,1.97,-1.28
1668424074.62,80,2.15,-6.06,1.97,-1.26
1668424074.62,80,3.81,-5.48,4.48,-3.44
1668424074.62,80,6.94,-6.22,4.46,-3.33
1668424074.62,80,-1.95,-8.01,1.96,-1.26
1668424074.62,80,-0.37,-7.74,1.96,-1.26
1668424074.62,80,1.26,-7.95,1.96,-1.26
1668424074.62,80,3.46,-7.91,4.48,-3.44
1668424074.62,80,5.29,-7.77,5.66,-2.73
1668424074.62,80,6.62,-7.85,-nan,-nan
1668424074.62,80,-2.14,-9.32,2.09,-9.77
1668424074.62,80,-0.48,-9.33,2.09,-9.77
1668424074.62,80,1.33,-8.87,2.10,-9.77
1668424074.62,80,3.71,-9.70,-nan,-nan
1668424074.62,80,-0.60,-10.01,2.09,-9.77
1668424074.62,80,5.18,-9.42,-nan,-nan
1668424074.62,80,7.35,-9.10,-nan,-nan
1668424074.62,80,7.35,-9.10,-nan,-nan
1668424074.62,90,-2.76,4.21,1.97,-1.26
1668424074.62,90,-0.75,3.96,1.97,-1.26
1668424074.62,90,1.10,4.31,1.97,-1.26
1668424074.62,90,3.42,4.45,1.96,-1.26
1668424074.62,90,5.17,4.86,4.26,-1.20
1668424074.62,90,-2.87,2.51,1.96,-1.26
1668424074.62,90,-1.24,2.83,1.97,-1.26
1668424074.62,90,1.44,2.83,1.97,-1.26
1668424074.62,90,3.24,3.18,1.96,-1.26
1668424074.62,90,4.46,3.17,4.25,-1.19
1668424074.62,90,5.56,3.97,4.25,-1.19
1668424074.62,90,5.53,0.98,4.25,-1.19
1668424074.62,90,2.56,0.74,1.97,-1.26
1668424074.62,90,-0.38,0.18,1.97,-1.26
1668424074.62,90,-2.41,0.76,1.96,-1.26
1668424074.62,90,-2.15,-2.05,1.96,-1.26
1668424074.62,90,-0.07,-0.98,1.97,-1.26
1668424074.62,90,2.09,-1.35,1.97,-1.26
1668424074.62,90,3.97,-1.76,4.25,-1.19
1668424074.62,90,5.60,-2.08,4.25,-1.19
1668424074.62,90,-1.89,-3.09,1.96,-1.26
1668424074.62,90,-0.28,-3.04,1.97,-1.26
1668424074.62,90,2.06,-3.17,1.97,-1.26
1668424074.62,90,4.88,-2.81,4.25,-1.19
1668424074.62,90,6.60,-2.23,4.25,-1.19
1668424074.62,90,-2.42,-4.70,-nan,-nan
1668424074.62,90,-0.69,-4.50,1.97,-1.27
1668424074.62,90,1.67,-4.41,1.97,-1.27
1668424074.62,90,3.96,-5.02,4.28,-2.75
1668424074.62,90,5.74,-4.87,4.16,-1.97
1668424074.62,90,6.69,-3.95,4.25,-1.19
1668424074.62,90,-2.15,-6.27,1.96,-1.26
1668424074.62,90,0.11,-6.07,1.96,-1.26
1668424074.62,90,2.15,-6.06,1.97,-1.28
1668424074.62,90,3.81,-5.48,4.30,-2.84
1668424074.62,90,6.94,-6.22,4.29,-2.80
1668424074.62,90,-1.95,-8.01,1.96,-1.26
1668424074.62,90,-0.37,-7.74,1.96,-1.26
1668424074.62,90,1.26,-7.95,1.96,-1.26
1668424074.62,90,3.46,-7.91,4.48,-3.44
1668424074.62,90,5.29,-7.77,4.48,-3.44
1668424074.62,90,6.62,-7.85,4.46,-3.34
1668424074.62,90,-2.14,-9.32,2.09,-9.77
1668424074.62,90,-0.48,-9.33,2.09,-9.77
1668424074.62,90,1.33,-8.87,2.16,-9.64
1668424074.62,90,3.71,-9.70,-nan,-nan
1668424074.62,90,-0.60,-10.01,2.09,-9.77
1668424074.62,90,5.18,-9.42,5.74,-3.84
1668424074.62,90,7.35,-9.10,-nan,-nan
1668424074.62,90,7.35,-9.10,-nan,-nan
1668424074.62,100,-2.76,4.21,1.96,-1.26
1668424074.62,100,-0.75,3.96,1.97,-1.26
1668424074.62,100,1.10,4.31,1.97,-1.26
1668424074.62,100,3.42,4.45,5.19,1.32
1668424074.62,100,5.17,4.86,1.96,-1.26
1668424074.62,100,-2.87,2.51,3.72,-0.36
1668424074.62,100,-1.24,2.83,1.96,-1.26
1668424074.62,100,1.44,2.83,1.97,-1.26
1668424074.62,100,3.24,3.18,1.96,-1.26
1668424074.62,100,4.46,3.17,1.96,-1.26
1668424074.62,100,5.56,3.97,1.96,-1.26
1668424074.62,100,5.53,0.98,4.25,-1.18
1668424074.62,100,2.56,0.74,1.97,-1.25
1668424074.62,100,-0.38,0.18,1.96,-1.26
1668424074.62,100,-2.41,0.76,1.96,-1.26
1668424074.62,100,-2.15,-2.05,1.96,-1.26
1668424074.62,100,-0.07,-0.98,1.96,-1.26
1668424074.62,100,2.09,-1.35,1.96,-1.26
1668424074.62,100,3.97,-1.76,4.25,-1.19
1668424074.62,100,5.60,-2.08,4.25,-1.19
1668424074.62,100,-1.89,-3.09,1.96,-1.26
1668424074.62,100,-0.28,-3.04,1.96,-1.26
1668424074.62,100,2.06,-3.17,1.96,-1.26
1668424074.62,100,4.88,-2.81,4.25,-1.18
1668424074.62,100,6.60,-2.23,4.25,-1.19
1668424074.62,100,-2.42,-4.70,1.96,-1.26
1668424074.62,100,-0.69,-4.50,1.96,-1.26
1668424074.62,100,1.67,-4.41,1.96,-1.26
1668424074.62,100,3.96,-5.02,4.25,-1.18
1668424074.62,100,5.74,-4.87,4.25,-1.18
1668424074.62,100,6.69,-3.95,4.25,-1.19
1668424074.62,100,-2.15,-6.27,1.96,-1.26
1668424074.62,100,0.11,-6.07,1.96,-1.26
1668424074.62,100,2.15,-6.06,1.96,-1.26
1668424074.62,100,3.81,-5.48,4.25,-1.19
1668424074.62,100,6.94,-6.22,4.26,-1.21
1668424074.62,100,-1.95,-8.01,1.96,-1.26
1668424074.62,100,-0.37,-7.74,1.96,-1.26
1668424074.62,100,1.26,-7.95,1.96,-1.26
1668424074.62,100,3.46,-7.91,4.17,-2.10
1668424074.62,100,5.29,-7.77,4.28,-2.75
1668424074.62,100,6.62,-7.85,4.18,-2.33
1668424074.62,100,-2.14,-9.32,2.09,-9.77
1668424074.62,100,-0.48,-9.33,2.10,-9.77
1668424074.62,100,1.33,-8.87,2.17,-9.60
1668424074.62,100,3.71,-9.70,5.62,-1.93
1668424074.62,100,-0.60,-10.01,2.10,-9.77
1668424074.62,100,5.18,-9.42,5.66,-2.34
1668424074.62,100,7.35,-9.10,-nan,-nan
1668424074.62,100,7.35,-9.10,-nan,-nan
1668424074.62,110,-2.76,4.21,1.66,2.48
1668424074.62,110,-0.75,3.96,1.96,-1.26
1668424074.62,110,1.10,4.31,1.96,-1.26
1668424074.62,110,3.42,4.45,5.20,1.35
1668424074.62,110,5.17,4.86,-nan,-nan
1668424074.62,110,-2.87,2.51,1.66,2.48
1668424074.62,110,-1.24,2.83,1.96,-1.26
1668424074.62,110,1.44,2.83,1.96,-1.26
1668424074.62,110,3.24,3.18,5.19,1.32
1668424074.62,110,4.46,3.17,5.19,1.32
1668424074.62,110,5.56,3.97,-nan,-nan
1668424074.62,110,5.53,0.98,1.96,-1.26
1668424074.62,110,2.56,0.74,1.96,-1.26
1668424074.62,110,-0.38,0.18,1.96,-1.26
1668424074.62,110,-2.41,0.76,1.96,-1.26
1668424074.62,110,-2.15,-2.05,1.96,-1.26
1668424074.62,110,-0.07,-0.98,1.96,-1.26
1668424074.62,110,2.09,-1.35,1.96,-1.26
1668424074.62,110,3.97,-1.76,1.96,-1.26
1668424074.62,110,5.60,-2.08,4.25,-1.19
1668424074.62,110,-1.89,-3.09,1.96,-1.26
1668424074.62,110,-0.28,-3.04,1.96,-1.26
1668424074.62,110,2.06,-3.17,1.96,-1.26
1668424074.62,110,4.88,-2.81,4.25,-1.18
1668424074.62,110,6.60,-2.23,4.25,-1.18
1668424074.62,110,-2.42,-4.70,1.96,-1.26
1668424074.62,110,-0.69,-4.50,1.96,-1.26
1668424074.62,110,1.67,-4.41,1.96,-1.26
1668424074.62,110,3.96,-5.02,1.96,-1.26
1668424074.62,110,5.74,-4.87,4.26,-1.20
1668424074.62,110,6.69,-3.95,4.25,-1.19
1668424074.62,110,-2.15,-6.27,1.96,-1.26
1668424074.62,110,0.11,-6.07,1.96,-1.26
1668424074.62,110,2.15,-6.06,1.96,-1.26
1668424074.62,110,3.81,-5.48,4.25,-1.19
1668424074.62,110,6.94,-6.22,4.26,-1.20
1668424074.62,110,-1.95,-8.01,1.96,-1.26
1668424074.62,110,-0.37,-7.74,1.96,-1.26
1668424074.62,110,1.26,-7.95,1.96,-1.26
1668424074.62,110,3.46,-7.91,1.96,-1.26
1668424074.62,110,5.29,-7.77,4.25,-1.18
1668424074.62,110,6.62,-7.85,4.25,-1.19
1668424074.62,110,-2.14,-9.32,2.11,-9.77
1668424074.62,110,-0.48,-9.33,2.17,-9.60
1668424074.62,110,1.33,-8.87,2.17,-9.60
1668424074.62,110,3.71,-9.70,4.46,-3.33
1668424074.62,110,-0.60,-10.01,2.17,-9.60
1668424074.62,110,5.18,-9.42,4.34,-3.02
1668424074.62,110,7.35,-9.10,4.18,-2.13
1668424074.62,110,7.35,-9.10,4.18,-2.13
1668424074.62,120,-2.76,4.21,0.95,3.21
1668424074.62,120,-0.75,3.96,1.64,2.48
1668424074.62,120,1.10,4.31,2.69,1.20
1668424074.62,120,3.42,4.45,3.75,-0.41
1668424074.62,120,5.17,4.86,-nan,-nan
1668424074.62,120,-2.87,2.51,0.95,3.21
1668424074.62,120,-1.24,2.83,1.64,2.48
1668424074.62,120,1.44,2.83,3.75,-0.41
1668424074.62,120,3.24,3.18,3.59,-0.24
1668424074.62,120,4.46,3.17,5.14,1.46
1668424074.62,120,5.56,3.97,5.14,1.45
1668424074.62,120,5.53,0.98,5.19,1.32
1668424074.62,120,2.56,0.74,1.96,-1.26
1668424074.62,120,-0.38,0.18,1.96,-1.26
1668424074.62,120,-2.41,0.76,1.96,-1.26
1668424074.62,120,-2.15,-2.05,1.96,-1.26
1668424074.62,120,-0.07,-0.98,1.96,-1.26
1668424074.62,120,2.09,-1.35,1.96,-1.26
1668424074.62,120,3.97,-1.76,1.96,-1.26
1668424074.62,120,5.60,-2.08,1.96,-1.26
1668424074.62,120,-1.89,-3.09,1.96,-1.26
1668424074.62,120,-0.28,-3.04,1.96,-1.26
1668424074.62,120,2.06,-3.17,1.96,-1.26
1668424074.62,120,4.88,-2.81,4.25,-1.19
1668424074.62,120,6.60,-2.23,1.96,-1.26
1668424074.62,120,-2.42,-4.70,1.96,-1.26
1668424074.62,120,-0.69,-4.50,1.96,-1.26
1668424074.62,120,1.67,-4.41,1.96,-1.26
1668424074.62,120,3.96,-5.02,1.96,-1.26
1668424074.62,120,5.74,-4.87,4.25,-1.17
1668424074.62,120,6.69,-3.95,3.97,-0.65
1668424074.62,120,-2.15,-6.27,1.96,-1.26
1668424074.62,120,0.11,-6.07,1.96,-1.26
1668424074.62,120,2.15,-6.06,1.96,-1.26
1668424074.62,120,3.81,-5.48,1.96,-1.26
1668424074.62,120,6.94,-6.22,4.25,-1.18
1668424074.62,120,-1.95,-8.01,1.96,-1.26
1668424074.62,120,-0.37,-7.74,1.96,-1.26
1668424074.62,120,1.26,-7.95,1.96,-1.26
1668424074.62,120,3.46,-7.91,1.96,-1.26
1668424074.62,120,5.29,-7.77,4.25,-1.19
1668424074.62,120,6.62,-7.85,4.25,-1.19
1668424074.62,120,-2.14,-9.32,2.17,-9.60
1668424074.62,120,-0.48,-9.33,2.17,-9.60
1668424074.62,120,1.33,-8.87,1.96,-1.26
1668424074.62,120,3.71,-9.70,4.25,-1.19
1668424074.62,120,-0.60,-10.01,2.17,-9.60
1668424074.62,120,5.18,-9.42,4.25,-1.19
1668424074.62,120,7.35,-9.10,4.25,-1.19
1668424074.62,120,7.35,-9.10,4.25,-1.19
1668424074.62,130,-2.76,4.21,0.95,3.21
1668424074.62,130,-0.75,3.96,0.96,3.21
1668424074.62,130,1.10,4.31,1.64,2.48
1668424074.62,130,3.42,4.45,2.69,2.51
1668424074.62,130,5.17,4.86,2.69,2.51
1668424074.62,130,-2.87,2.51,0.95,3.21
1668424074.62,130,-1.24,2.83,0.95,3.23
1668424074.62,130,1.44,2.83,1.66,2.48
1668424074.62,130,3.24,3.18,2.69,2.51
1668424074.62,130,4.46,3.17,2.63,1.15
1668424074.62,130,5.56,3.97,2.69,1.20
1668424074.62,130,5.53,0.98,5.20,1.32
1668424074.62,130,2.56,0.74,3.71,-0.33
1668424074.62,130,-0.38,0.18,1.96,-1.26
1668424074.62,130,-2.41,0.76,1.96,-1.26
1668424074.62,130,-2.15,-2.05,1.96,-1.26
1668424074.62,130,-0.07,-0.98,1.96,-1.26
1668424074.62,130,2.09,-1.35,1.96,-1.26
1668424074.62,130,3.97,-1.76,1.96,-1.26
1668424074.62,130,5.60,-2.08,1.96,-1.26
1668424074.62,130,-1.89,-3.09,1.96,-1.26
1668424074.62,130,-0.28,-3.04,1.96,-1.26
1668424074.62,130,2.06,-3.17,1.96,-1.26
1668424074.62,130,4.88,-2.81,1.96,-1.26
1668424074.62,130,6.60,-2.23,-nan,-nan
1668424074.62,130,-2.42,-4.70,1.96,-1.26
1668424074.62,130,-0.69,-4.50,1.96,-1.26
1668424074.62,130,1.67,-4.41,1.96,-1.26
1668424074.62,130,3.96,-5.02,1.96,-1.26
1668424074.62,130,5.74,-4.87,4.25,-1.18
1668424074.62,130,6.69,-3.95,-nan,-nan
1668424074.62,130,-2.15,-6.27,1.96,-1.26
1668424074.62,130,0.11,-6.07,1.96,-1.26
1668424074.62,130,2.15,-6.06,1.96,-1.26
1668424074.62,130,3.81,-5.48,1.96,-1.26
1668424074.62,130,6.94,-6.22,2.84,-5.12
1668424074.62,130,-1.95,-8.01,3.91,-0.43
1668424074.62,130,-0.37,-7.74,3.91,-0.43
1668424074.62,130,1.26,-7.95,3.91,-0.42
1668424074.62,130,3.46,-7.91,3.91,-0.43
1668424074.62,130,5.29,-7.77,4.25,-1.19
1668424074.62,130,6.62,-7.85,3.97,-0.63
1668424074.62,130,-2.14,-9.32,2.17,-9.60
1668424074.62,130,-0.48,-9.33,2.17,-9.60
1668424074.62,130,1.33,-8.87,3.91,-0.42
1668424074.62,130,3.71,-9.70,4.25,-1.18
1668424074.62,130,-0.60,-10.01,2.17,-9.60
1668424074.62,130,5.18,-9.42,4.25,-1.19
1668424074.62,130,7.35,-9.10,6.86,-5.10
1668424074.62,130,7.35,-9.10,6.86,-5.10
1668424074.62,140,-2.76,4.21,0.95,3.23
1668424074.62,140,-0.75,3.96,0.96,3.22
1668424074.62,140,1.10,4.31,0.95,3.23
1668424074.62,140,3.42,4.45,2.69,2.51
1668424074.62,140,5.17,4.86,2.69,2.51
1668424074.62,140,-2.87,2.51,-1.56,2.47
1668424074.62,140,-1.24,2.83,-1.45,2.64
1668424074.62,140,1.44,2.83,1.66,2.48
1668424074.62,140,3.24,3.18,2.69,2.51
1668424074.62,140,4.46,3.17,2.69,2.51
1668424074.62,140,5.56,3.97,2.69,2.51
1668424074.62,140,5.53,0.98,3.71,-0.33
1668424074.62,140,2.56,0.74,2.69,2.51
1668424074.62,140,-0.38,0.18,1.96,-1.26
1668424074.62,140,-2.41,0.76,1.96,-1.26
1668424074.62,140,-2.15,-2.05,1.96,-1.26
1668424074.62,140,-0.07,-0.98,1.96,-1.26
1668424074.62,140,2.09,-1.35,1.96,-1.26
1668424074.62,140,3.97,-1.76,3.96,-0.64
1668424074.62,140,5.60,-2.08,3.91,-0.42
1668424074.62,140,-1.89,-3.09,1.96,-1.26
1668424074.62,140,-0.28,-3.04,1.96,-1.26
1668424074.62,140,2.06,-3.17,1.96,-1.26
1668424074.62,140,4.88,-2.81,3.91,-0.42
1668424074.62,140,6.60,-2.23,-nan,-nan
1668424074.62,140,-2.42,-4.70,1.96,-1.26
1668424074.62,140,-0.69,-4.50,1.96,-1.26
1668424074.62,140,1.67,-4.41,1.96,-1.26
1668424074.62,140,3.96,-5.02,3.76,-0.44
1668424074.62,140,5.74,-4.87,3.91,-0.42
1668424074.62,140,6.69,-3.95,6.86,-5.10
1668424074.62,140,-2.15,-6.27,3.91,-0.43
1668424074.62,140,0.11,-6.07,3.91,-0.42
1668424074.62,140,2.15,-6.06,3.91,-0.43
1668424074.62,140,3.81,-5.48,3.96,-0.64
1668424074.62,140,6.94,-6.22,6.87,-5.10
1668424074.62,140,-1.95,-8.01,3.91,-0.43
1668424074.62,140,-0.37,-7.74,3.91,-0.43
1668424074.62,140,1.26,-7.95,3.91,-0.42
1668424074.62,140,3.46,-7.91,3.96,-0.64
1668424074.62,140,5.29,-7.77,2.85,-5.12
1668424074.62,140,6.62,-7.85,6.86,-5.10
1668424074.62,140,-2.14,-9.32,2.17,-9.60
1668424074.62,140,-0.48,-9.33,2.85,-5.12
1668424074.62,140,1.33,-8.87,3.91,-0.43
1668424074.62,140,3.71,-9.70,4.25,-1.19
1668424074.62,140,-0.60,-10.01,3.91,-0.43
1668424074.62,140,5.18,-9.42,4.00,-0.56
1668424074.62,140,7.35,-9.10,6.87,-5.08
1668424074.62,140,7.35,-9.10,6.87,-5.08
1668424074.62,150,-2.76,4.21,-1.46,2.54
1668424074.62,150,-0.75,3.96,0.95,3.21
1668424074.62,150,1.10,4.31,1.66,2.48
1668424074.62,150,3.42,4.45,1.64,2.48
1668424074.62,150,5.17,4.86,2.69,2.51
1668424074.62,150,-2.87,2.51,-1.52,2.46
1668424074.62,150,-1.24,2.83,-1.53,2.46
1668424074.62,150,1.44,2.83,1.84,2.34
1668424074.62,150,3.24,3.18,2.69,2.51
1668424074.62,150,4.46,3.17,1.66,2.48
1668424074.62,150,5.56,3.97,2.69,2.51
1668424074.62,150,5.53,0.98,2.69,2.51
1668424074.62,150,2.56,0.74,2.66,2.51
1668424074.62,150,-0.38,0.18,2.69,2.51
1668424074.62,150,-2.41,0.76,1.96,-1.26
1668424074.62,150,-2.15,-2.05,1.96,-1.26
1668424074.62,150,-0.07,-0.98,1.96,-1.26
1668424074.62,150,2.09,-1.35,3.91,-0.43
1668424074.62,150,3.97,-1.76,3.91,-0.42
1668424074.62,150,5.60,-2.08,3.91,-0.43
1668424074.62,150,-1.89,-3.09,1.96,-1.26
1668424074.62,150,-0.28,-3.04,1.96,-1.26
1668424074.62,150,2.06,-3.17,3.91,-0.43
1668424074.62,150,4.88,-2.81,3.72,-0.21
1668424074.62,150,6.60,-2.23,6.87,-5.09
1668424074.62,150,-2.42,-4.70,3.91,-0.43
1668424074.62,150,-0.69,-4.50,3.91,-0.43
1668424074.62,150,1.67,-4.41,3.91,-0.43
1668424074.62,150,3.96,-5.02,2.84,-5.12
1668424074.62,150,5.74,-4.87,3.26,-5.26
1668424074.62,150,6.69,-3.95,6.86,-5.10
1668424074.62,150,-2.15,-6.27,3.91,-0.43
1668424074.62,150,0.11,-6.07,3.91,-0.43
1668424074.62,150,2.15,-6.06,2.84,-5.12
1668424074.62,150,3.81,-5.48,2.85,-5.12
1668424074.62,150,6.94,-6.22,6.86,-5.10
1668424074.62,150,-1.95,-8.01,3.91,-0.42
1668424074.62,150,-0.37,-7.74,3.91,-0.43
1668424074.62,150,1.26,-7.95,2.84,-5.12
1668424074.62,150,3.46,-7.91,2.85,-5.12
1668424074.62,150,5.29,-7.77,2.85,-5.13
1668424074.62,150,6.62,-7.85,6.86,-5.10
1668424074.62,150,-2.14,-9.32,2.84,-5.12
1668424074.62,150,-0.48,-9.33,2.85,-5.13
1668424074.62,150,1.33,-8.87,2.85,-5.12
1668424074.62,150,3.71,-9.70,2.85,-5.12
1668424074.62,150,-0.60,-10.01,2.84,-5.12
1668424074.62,150,5.18,-9.42,2.85,-5.12
1668424074.62,150,7.35,-9.10,6.86,-5.10
1668424074.62,150,7.35,-9.10,6.86,-5.10
1668424074.62,160,-2.76,4.21,-1.52,2.46
1668424074.62,160,-0.75,3.96,1.84,2.34
1668424074.62,160,1.10,4.31,1.84,2.34
1668424074.62,160,3.42,4.45,0.96,3.21
1668424074.62,160,5.17,4.86,2.69,2.51
1668424074.62,160,-2.87,2.51,1.84,2.34
1668424074.62,160,-1.24,2.83,1.84,2.34
1668424074.62,160,1.44,2.83,1.84,2.34
1668424074.62,160,3.24,3.18,2.61,2.48
1668424074.62,160,4.46,3.17,2.69,2.51
1668424074.62,160,5.56,3.97,2.69,2.51
1668424074.62,160,5.53,0.98,2.69,2.51
1668424074.62,160,2.56,0.74,2.61,2.48
1668424074.62,160,-0.38,0.18,1.84,2.34
1668424074.62,160,-2.41,0.76,1.84,2.34
1668424074.62,160,-2.15,-2.05,1.96,-1.26
1668424074.62,160,-0.07,-0.98,1.96,-1.26
1668424074.62,160,2.09,-1.35,3.96,-0.63
1668424074.62,160,3.97,-1.76,3.96,-0.63
1668424074.62,160,5.60,-2.08,3.96,-0.63
1668424074.62,160,-1.89,-3.09,3.91,-0.43
1668424074.62,160,-0.28,-3.04,3.91,-0.43
1668424074.62,160,2.06,-3.17,3.91,-0.43
1668424074.62,160,4.88,-2.81,3.91,-0.43
1668424074.62,160,6.60,-2.23,-nan,-nan
1668424074.62,160,-2.42,-4.70,3.91,-0.43
1668424074.62,160,-0.69,-4.50,3.91,-0.43
1668424074.62,160,1.67,-4.41,2.84,-5.12
1668424074.62,160,3.96,-5.02,3.26,-5.26
1668424074.62,160,5.74,-4.87,3.26,-5.26
1668424074.62,160,6.69,-3.95,6.86,-5.10
1668424074.62,160,-2.15,-6.27,3.91,-0.42
1668424074.62,160,0.11,-6.07,2.85,-5.12
1668424074.62,160,2.15,-6.06,2.85,-5.12
1668424074.62,160,3.81,-5.48,3.26,-5.26
1668424074.62,160,6.94,-6.22,6.86,-5.10
1668424074.62,160,-1.95,-8.01,2.84,-5.12
1668424074.62,160,-0.37,-7.74,2.85,-5.12
1668424074.62,160,1.26,-7.95,2.84,-5.12
1668424074.62,160,3.46,-7.91,3.26,-5.26
1668424074.62,160,5.29,-7.77,3.26,-5.26
1668424074.62,160,6.62,-7.85,6.87,-5.09
1668424074.62,160,-2.14,-9.32,2.84,-5.12
1668424074.62,160,-0.48,-9.33,2.84,-5.12
1668424074.62,160,1.33,-8.87,2.84,-5.12
1668424074.62,160,3.71,-9.70,3.26,-5.26
1668424074.62,160,-0.60,-10.01,2.85,-5.13
1668424074.62,160,5.18,-9.42,3.26,-5.26
1668424074.62,160,7.35,-9.10,6.87,-5.09
1668424074.62,160,7.35,-9.10,6.87,-5.09
1668424074.62,170,-2.76,4.21,1.85,2.34
1668424074.62,170,-0.75,3.96,1.84,2.34
1668424074.62,170,1.10,4.31,1.84,2.34
1668424074.62,170,3.42,4.45,1.84,2.34
1668424074.62,170,5.17,4.86,1.64,2.48
1668424074.62,170,-2.87,2.51,1.84,2.34
1668424074.62,170,-1.24,2.83,1.84,2.34
1668424074.62,170,1.44,2.83,1.84,2.34
1668424074.62,170,3.24,3.18,1.84,2.34
1668424074.62,170,4.46,3.17,1.63,2.48
1668424074.62,170,5.56,3.97,1.64,2.48
1668424074.62,170,5.53,0.98,2.69,2.51
1668424074.62,170,2.56,0.74,1.84,2.34
1668424074.62,170,-0.38,0.18,1.84,2.34
1668424074.62,170,-2.41,0.76,1.84,2.34
1668424074.62,170,-2.15,-2.05,3.91,-0.42
1668424074.62,170,-0.07,-0.98,2.69,2.51
1668424074.62,170,2.09,-1.35,2.69,2.51
1668424074.62,170,3.97,-1.76,3.96,-0.63
1668424074.62,170,5.60,-2.08,6.59,0.71
1668424074.62,170,-1.89,-3.09,3.91,-0.43
1668424074.62,170,-0.28,-3.04,3.91,-0.42
1668424074.62,170,2.06,-3.17,3.06,-3.00
1668424074.62,170,4.88,-2.81,3.91,-0.43
1668424074.62,170,6.60,-2.23,-nan,-nan
1668424074.62,170,-2.42,-4.70,2.84,-5.12
1668424074.62,170,-0.69,-4.50,2.85,-5.12
1668424074.62,170,1.67,-4.41,3.26,-5.26
1668424074.62,170,3.96,-5.02,3.26,-5.26
1668424074.62,170,5.74,-4.87,6.87,-5.09
1668424074.62,170,6.69,-3.95,6.86,-5.10
1668424074.62,170,-2.15,-6.27,2.84,-5.12
1668424074.62,170,0.11,-6.07,2.85,-5.13
1668424074.62,170,2.15,-6.06,3.26,-5.26
1668424074.62,170,3.81,-5.48,3.26,-5.26
1668424074.62,170,6.94,-6.22,6.87,-5.09
1668424074.62,170,-1.95,-8.01,2.84,-5.12
1668424074.62,170,-0.37,-7.74,2.85,-5.13
1668424074.62,170,1.26,-7.95,3.26,-5.26
1668424074.62,170,3.46,-7.91,3.26,-5.26
1668424074.62,170,5.29,-7.77,3.27,-5.26
1668424074.62,170,6.62,-7.85,6.87,-5.09
1668424074.62,170,-2.14,-9.32,3.26,-5.26
1668424074.62,170,-0.48,-9.33,3.26,-5.26
1668424074.62,170,1.33,-8.87,3.26,-5.26
1668424074.62,170,3.71,-9.70,3.26,-5.26
1668424074.62,170,-0.60,-10.01,3.26,-5.26
1668424074.62,170,5.18,-9.42,3.26,-5.26
1668424074.62,170,7.35,-9.10,6.87,-5.09
1668424074.62,170,7.35,-9.10,6.87,-5.09
1668424074.62,180,-2.76,4.21,1.84,2.34
1668424074.62,180,-0.75,3.96,1.84,2.34
1668424074.62,180,1.10,4.31,1.84,2.34
1668424074.62,180,3.42,4.45,1.84,2.34
1668424074.62,180,5.17,4.86,1.64,2.48
1668424074.62,180,-2.87,2.51,1.84,2.34
1668424074.62,180,-1.24,2.83,1.84,2.34
1668424074.62,180,1.44,2.83,1.84,2.34
1668424074.62,180,3.24,3.18,1.84,2.34
1668424074.62,180,4.46,3.17,1.85,2.34
1668424074.62,180,5.56,3.97,0.95,3.21
1668424074.62,180,5.53,0.98,1.64,2.48
1668424074.62,180,2.56,0.74,1.84,2.34
1668424074.62,180,-0.38,0.18,1.84,2.34
1668424074.62,180,-2.41,0.76,1.84,2.34
1668424074.62,180,-2.15,-2.05,3.91,-0.43
1668424074.62,180,-0.07,-0.98,2.62,2.48
1668424074.62,180,2.09,-1.35,2.69,2.51
1668424074.62,180,3.97,-1.76,3.96,-0.63
1668424074.62,180,5.60,-2.08,-nan,-nan
1668424074.62,180,-1.89,-3.09,3.91,-0.42
1668424074.62,180,-0.28,-3.04,3.91,-0.43
1668424074.62,180,2.06,-3.17,3.91,-0.43
1668424074.62,180,4.88,-2.81,3.91,-0.43
1668424074.62,180,6.60,-2.23,6.59,0.79
1668424074.62,180,-2.42,-4.70,2.85,-5.13
1668424074.62,180,-0.69,-4.50,3.26,-5.26
1668424074.62,180,1.67,-4.41,3.26,-5.26
1668424074.62,180,3.96,-5.02,3.26,-5.26
1668424074.62,180,5.74,-4.87,-1.10,-5.84
1668424074.62,180,6.69,-3.95,6.87,-5.09
1668424074.62,180,-2.15,-6.27,3.26,-5.26
1668424074.62,180,0.11,-6.07,3.26,-5.26
1668424074.62,180,2.15,-6.06,3.26,-5.26
1668424074.62,180,3.81,-5.48,3.27,-5.26
1668424074.62,180,6.94,-6.22,6.86,-5.10
1668424074.62,180,-1.95,-8.01,3.26,-5.26
1668424074.62,180,-0.37,-7.74,3.26,-5.26
1668424074.62,180,1.26,-7.95,3.26,-5.26
1668424074.62,180,3.46,-7.91,3.27,-5.26
1668424074.62,180,5.29,-7.77,3.27,-5.26
1668424074.62,180,6.62,-7.85,6.87,-5.09
1668424074.62,180,-2.14,-9.32,3.26,-5.26
1668424074.62,180,-0.48,-9.33,3.26,-5.26
1668424074.62,180,1.33,-8.87,3.26,-5.26
1668424074.62,180,3.71,-9.70,-1.11,-5.83
1668424074.62,180,-0.60,-10.01,-nan,-nan
1668424074.62,180,5.18,-9.42,-1.10,-5.84
1668424074.62,180,7.35,-9.10,6.87,-5.10
1668424074.62,180,7.35,-9.10,6.87,-5.10
1668424074.62,190,-2.76,4.21,-1.39,-0.20
1668424074.62,190,-0.75,3.96,1.85,2.34
1668424074.62,190,1.10,4.31,1.84,2.34
1668424074.62,190,3.42,4.45,1.85,2.34
1668424074.62,190,5.17,4.86,1.64,2.48
1668424074.62,190,-2.87,2.51,-1.39,-0.20
1668424074.62,190,-1.24,2.83,1.84,2.34
1668424074.62,190,1.44,2.83,1.84,2.34
1668424074.62,190,3.24,3.18,1.84,2.34
1668424074.62,190,4.46,3.17,1.84,2.34
1668424074.62,190,5.56,3.97,1.64,2.48
1668424074.62,190,5.53,0.98,2.69,2.51
1668424074.62,190,2.56,0.74,1.84,2.34
1668424074.62,190,-0.38,0.18,1.85,2.34
1668424074.62,190,-2.41,0.76,-1.39,-0.21
1668424074.62,190,-2.15,-2.05,2.69,2.51
1668424074.62,190,-0.07,-0.98,1.84,2.34
1668424074.62,190,2.09,-1.35,1.84,2.34
1668424074.62,190,3.97,-1.76,2.69,2.51
1668424074.62,190,5.60,-2.08,2.69,2.51
1668424074.62,190,-1.89,-3.09,3.91,-0.43
1668424074.62,190,-0.28,-3.04,3.91,-0.43
1668424074.62,190,2.06,-3.17,3.91,-0.43
1668424074.62,190,4.88,-2.81,-nan,-nan
1668424074.62,190,6.60,-2.23,-nan,-nan
1668424074.62,190,-2.42,-4.70,3.26,-5.26
1668424074.62,190,-0.69,-4.50,3.26,-5.26
1668424074.62,190,1.67,-4.41,3.26,-5.26
1668424074.62,190,3.96,-5.02,3.26,-5.26
1668424074.62,190,5.74,-4.87,6.87,-5.07
1668424074.62,190,6.69,-3.95,6.58,0.71
1668424074.62,190,-2.15,-6.27,3.26,-5.26
1668424074.62,190,0.11,-6.07,3.26,-5.26
1668424074.62,190,2.15,-6.06,3.27,-5.26
1668424074.62,190,3.81,-5.48,3.27,-5.26
1668424074.62,190,6.94,-6.22,7.09,-5.05
1668424074.62,190,-1.95,-8.01,3.26,-5.26
1668424074.62,190,-0.37,-7.74,3.27,-5.26
1668424074.62,190,1.26,-7.95,3.27,-5.26
1668424074.62,190,3.46,-7.91,-1.11,-5.84
1668424074.62,190,5.29,-7.77,-1.10,-5.84
1668424074.62,190,6.62,-7.85,-nan,-nan
1668424074.62,190,-2.14,-9.32,3.26,-5.26
1668424074.62,190,-0.48,-9.33,3.26,-5.26
1668424074.62,190,1.33,-8.87,3.27,-5.26
1668424074.62,190,3.71,-9.70,-1.11,-5.84
1668424074.62,190,-0.60,-10.01,-1.11,-5.84
1668424074.62,190,5.18,-9.42,-1.12,-5.84
1668424074.62,190,7.35,-9.10,-nan,-nan
1668424074.62,190,7.35,-9.10,-nan,-nan
1668424074.62,200,-2.76,4.21,-1.54,0.56
1668424074.62,200,-0.75,3.96,-1.39,-0.21
1668424074.62,200,1.10,4.31,1.84,2.34
1668424074.62,200,3.42,4.45,1.84,2.34
1668424074.62,200,5.17,4.86,1.84,2.34
1668424074.62,200,-2.87,2.51,-1.41,-0.09
1668424074.62,200,-1.24,2.83,-1.40,-0.19
1668424074.62,200,1.44,2.83,1.84,2.34
1668424074.62,200,3.24,3.18,1.84,2.34
1668424074.62,200,4.46,3.17,1.84,2.34
1668424074.62,200,5.56,3.97,1.84,2.34
1668424074.62,200,5.53,0.98,1.84,2.34
1668424074.62,200,2.56,0.74,-1.39,-0.22
1668424074.62,200,-0.38,0.18,-1.39,-0.19
1668424074.62,200,-2.41,0.76,-1.40,-0.16
1668424074.62,200,-2.15,-2.05,-1.37,-0.29
1668424074.62,200,-0.07,-0.98,-1.39,-0.23
1668424074.62,200,2.09,-1.35,-1.37,-0.29
1668424074.62,200,3.97,-1.76,-1.32,-2.40
1668424074.62,200,5.60,-2.08,-nan,-nan
1668424074.62,200,-1.89,-3.09,-1.30,-2.69
1668424074.62,200,-0.28,-3.04,-1.29,-2.97
1668424074.62,200,2.06,-3.17,-1.29,-2.97
1668424074.62,200,4.88,-2.81,-1.09,-6.06
1668424074.62,200,6.60,-2.23,-nan,-nan
1668424074.62,200,-2.42,-4.70,-1.13,-5.46
1668424074.62,200,-0.69,-4.50,-1.13,-5.46
1668424074.62,200,1.67,-4.41,-1.14,-5.47
1668424074.62,200,3.96,-5.02,-1.11,-5.84
1668424074.62,200,5.74,-4.87,6.59,0.71
1668424074.62,200,6.69,-3.95,6.58,0.71
1668424074.62,200,-2.15,-6.27,3.26,-5.26
1668424074.62,200,0.11,-6.07,-1.11,-5.84
1668424074.62,200,2.15,-6.06,-1.10,-5.84
1668424074.62,200,3.81,-5.48,-1.12,-5.83
1668424074.62,200,6.94,-6.22,7.09,-5.04
1668424074.62,200,-1.95,-8.01,-1.11,-5.84
1668424074.62,200,-0.37,-7.74,-1.10,-5.84
1668424074.62,200,1.26,-7.95,-1.11,-5.84
1668424074.62,200,3.46,-7.91,-1.11,-5.84
1668424074.62,200,5.29,-7.77,-1.09,-5.95
1668424074.62,200,6.62,-7.85,7.09,-5.05
1668424074.62,200,-2.14,-9.32,-1.12,-5.83
1668424074.62,200,-0.48,-9.33,-1.11,-5.84
1668424074.62,200,1.33,-8.87,-1.11,-5.84
1668424074.62,200,3.71,-9.70,-1.11,-5.84
1668424074.62,200,-0.60,-10.01,-1.10,-5.84
1668424074.62,200,5.18,-9.42,-1.61,-8.51
1668424074.62,200,7.35,-9.10,-nan,-nan
1668424074.62,200,7.35,-9.10,-nan,-nan
1668424074.62,210,-2.76,4.21,1.63,4.27
1668424074.62,210,-0.75,3.96,-1.51,0.47
1668424074.62,210,1.10,4.31,-1.40,-0.19
1668424074.62,210,3.42,4.45,1.84,2.34
1668424074.62,210,5.17,4.86,1.87,2.34
1668424074.62,210,-2.87,2.51,-1.54,0.57
1668424074.62,210,-1.24,2.83,-1.42,-0.04
1668424074.62,210,1.44,2.83,-1.40,-0.19
1668424074.62,210,3.24,3.18,1.84,2.34
1668424074.62,210,4.46,3.17,1.84,2.34
1668424074.62,210,5.56,3.97,1.84,2.34
1668424074.62,210,5.53,0.98,-1.39,-0.20
1668424074.62,210,2.56,0.74,-1.39,-0.22
1668424074.62,210,-0.38,0.18,-1.38,-0.23
1668424074.62,210,-2.41,0.76,-1.53,0.53
1668424074.62,210,-2.15,-2.05,-1.30,-0.44
1668424074.62,210,-0.07,-0.98,-1.37,-0.28
1668424074.62,210,2.09,-1.35,-1.37,-0.29
1668424074.62,210,3.97,-1.76,-1.26,-3.56
1668424074.62,210,5.60,-2.08,0.15,-3.84
1668424074.62,210,-1.89,-3.09,-1.33,-2.21
1668424074.62,210,-0.28,-3.04,-1.30,-2.90
1668424074.62,210,2.06,-3.17,-1.27,-3.46
1668424074.62,210,4.88,-2.81,-0.20,-5.17
1668424074.62,210,6.60,-2.23,2.69,2.51
1668424074.62,210,-2.42,-4.70,-1.25,-3.69
1668424074.62,210,-0.69,-4.50,-1.20,-4.39
1668424074.62,210,1.67,-4.41,-1.14,-5.47
1668424074.62,210,3.96,-5.02,-1.10,-6.24
1668424074.62,210,5.74,-4.87,0.15,-3.84
1668424074.62,210,6.69,-3.95,-nan,-nan
1668424074.62,210,-2.15,-6.27,-1.13,-5.61
1668424074.62,210,0.11,-6.07,-1.11,-5.76
1668424074.62,210,2.15,-6.06,-1.10,-5.98
1668424074.62,210,3.81,-5.48,-1.10,-6.24
1668424074.62,210,6.94,-6.22,6.59,0.71
1668424074.62,210,-1.95,-8.01,-1.12,-5.76
1668424074.62,210,-0.37,-7.74,-1.10,-5.84
1668424074.62,210,1.26,-7.95,-1.10,-6.01
1668424074.62,210,3.46,-7.91,-0.88,-8.57
1668424074.62,210,5.29,-7.77,0.16,-3.85
1668424074.62,210,6.62,-7.85,-nan,-nan
1668424074.62,210,-2.14,-9.32,-1.11,-5.88
1668424074.62,210,-0.48,-9.33,-1.10,-5.98
1668424074.62,210,1.33,-8.87,-1.60,-8.52
1668424074.62,210,3.71,-9.70,-0.86,-8.61
1668424074.62,210,-0.60,-10.01,-1.10,-5.92
1668424074.62,210,5.18,-9.42,-0.26,-8.33
1668424074.62,210,7.35,-9.10,-nan,-nan
1668424074.62,210,7.35,-9.10,-nan,-nan
1668424074.62,220,-2.76,4.21,-0.53,4.37
1668424074.62,220,-0.75,3.96,1.63,4.27
1668424074.62,220,1.10,4.31,1.63,4.27
1668424074.62,220,3.42,4.45,-1.40,-0.17
1668424074.62,220,5.17,4.86,1.63,4.27
1668424074.62,220,-2.87,2.51,-1.54,0.55
1668424074.62,220,-1.24,2.83,-1.54,0.57
1668424074.62,220,1.44,2.83,-1.43,-0.02
1668424074.62,220,3.24,3.18,-1.40,-0.19
1668424074.62,220,4.46,3.17,-1.39,-0.21
1668424074.62,220,5.56,3.97,1.84,2.34
1668424074.62,220,5.53,0.98,-1.40,-0.18
1668424074.62,220,2.56,0.74,-1.40,-0.18
1668424074.62,220,-0.38,0.18,-1.37,-0.27
1668424074.62,220,-2.41,0.76,-1.54,0.56
1668424074.62,220,-2.15,-2.05,-1.37,-0.29
1668424074.62,220,-0.07,-0.98,-1.37,-0.29
1668424074.62,220,2.09,-1.35,-0.02,-2.13
1668424074.62,220,3.97,-1.76,0.18,-3.86
1668424074.62,220,5.60,-2.08,0.18,-3.82
1668424074.62,220,-1.89,-3.09,-1.30,-2.71
1668424074.62,220,-0.28,-3.04,-1.29,-2.97
1668424074.62,220,2.06,-3.17,-1.26,-3.67
1668424074.62,220,4.88,-2.81,0.18,-3.82
1668424074.62,220,6.60,-2.23,1.64,2.48
1668424074.62,220,-2.42,-4.70,-1.20,-4.39
1668424074.62,220,-0.69,-4.50,-1.20,-4.39
1668424074.62,220,1.67,-4.41,-1.11,-5.80
1668424074.62,220,3.96,-5.02,0.15,-3.84
1668424074.62,220,5.74,-4.87,0.17,-3.86
1668424074.62,220,6.69,-3.95,2.69,2.51
1668424074.62,220,-2.15,-6.27,-1.12,-5.73
1668424074.62,220,0.11,-6.07,-1.10,-5.91
1668424074.62,220,2.15,-6.06,-1.09,-5.94
1668424074.62,220,3.81,-5.48,-0.18,-5.14
1668424074.62,220,6.94,-6.22,-nan,-nan
1668424074.62,220,-1.95,-8.01,-1.10,-6.01
1668424074.62,220,-0.37,-7.74,-1.12,-6.34
1668424074.62,220,1.26,-7.95,-0.88,-8.57
1668424074.62,220,3.46,-7.91,0.18,-3.88
1668424074.62,220,5.29,-7.77,0.19,-3.84
1668424074.62,220,6.62,-7.85,6.59,0.71
1668424074.62,220,-2.14,-9.32,-1.62,-8.55
1668424074.62,220,-0.48,-9.33,-1.60,-8.52
1668424074.62,220,1.33,-8.87,-0.84,-8.66
1668424074.62,220,3.71,-9.70,0.17,-3.87
1668424074.62,220,-0.60,-10.01,-1.60,-8.52
1668424074.62,220,5.18,-9.42,-nan,-nan
1668424074.62,220,7.35,-9.10,-nan,-nan
1668424074.62,220,7.35,-9.10,-nan,-nan
1668424074.62,230,-2.76,4.21,-2.44,4.45
1668424074.62,230,-0.75,3.96,1.63,4.27
1668424074.62,230,1.10,4.31,1.63,4.27
1668424074.62,230,3.42,4.45,1.63,4.27
1668424074.62,230,5.17,4.86,1.63,4.27
1668424074.62,230,-2.87,2.51,-1.54,0.56
1668424074.62,230,-1.24,2.83,-1.54,0.57
1668424074.62,230,1.44,2.83,-1.54,0.55
1668424074.62,230,3.24,3.18,-1.54,0.56
1668424074.62,230,4.46,3.17,2.40,-3.78
1668424074.62,230,5.56,3.97,1.63,4.27
1668424074.62,230,5.53,0.98,-0.02,-2.11
1668424074.62,230,2.56,0.74,-0.05,-2.04
1668424074.62,230,-0.38,0.18,-1.39,-0.21
1668424074.62,230,-2.41,0.76,-1.42,-0.03
1668424074.62,230,-2.15,-2.05,-1.33,-2.20
1668424074.62,230,-0.07,-0.98,-0.83,-1.07
1668424074.62,230,2.09,-1.35,0.07,-2.61
1668424074.62,230,3.97,-1.76,2.40,-3.78
1668424074.62,230,5.60,-2.08,2.40,-3.78
1668424074.62,230,-1.89,-3.09,-1.29,-2.97
1668424074.62,230,-0.28,-3.04,-0.02,-2.19
1668424074.62,230,2.06,-3.17,0.15,-3.84
1668424074.62,230,4.88,-2.81,2.40,-3.78
1668424074.62,230,6.60,-2.23,1.64,2.48
1668424074.62,230,-2.42,-4.70,-1.14,-5.48
1668424074.62,230,-0.69,-4.50,0.15,-3.84
1668424074.62,230,1.67,-4.41,0.15,-3.84
1668424074.62,230,3.96,-5.02,0.18,-3.82
1668424074.62,230,5.74,-4.87,0.18,-3.82
1668424074.62,230,6.69,-3.95,-nan,-nan
1668424074.62,230,-2.15,-6.27,-1.10,-6.34
1668424074.62,230,0.11,-6.07,-1.09,-5.98
1668424074.62,230,2.15,-6.06,0.16,-3.85
1668424074.62,230,3.81,-5.48,0.18,-3.88
1668424074.62,230,6.94,-6.22,0.18,-3.85
1668424074.62,230,-1.95,-8.01,-0.95,-8.44
1668424074.62,230,-0.37,-7.74,-1.10,-5.91
1668424074.62,230,1.26,-7.95,0.16,-3.85
1668424074.62,230,3.46,-7.91,0.18,-3.82
1668424074.62,230,5.29,-7.77,0.17,-3.82
1668424074.62,230,6.62,-7.85,0.18,-3.82
1668424074.62,230,-2.14,-9.32,-0.92,-8.49
1668424074.62,230,-0.48,-9.33,-0.41,-8.57
1668424074.62,230,1.33,-8.87,0.18,-3.86
1668424074.62,230,3.71,-9.70,0.18,-3.82
1668424074.62,230,-0.60,-10.01,-0.41,-8.57
1668424074.62,230,5.18,-9.42,0.18,-3.82
1668424074.62,230,7.35,-9.10,-nan,-nan
1668424074.62,230,7.35,-9.10,-nan,-nan
1668424074.62,240,-2.76,4.21,-2.44,4.45
1668424074.62,240,-0.75,3.96,-0.53,4.37
1668424074.62,240,1.10,4.31,1.63,4.27
1668424074.62,240,3.42,4.45,1.63,4.27
1668424074.62,240,5.17,4.86,1.63,4.27
1668424074.62,240,-2.87,2.51,-1.54,0.55
1668424074.62,240,-1.24,2.83,-1.54,0.55
1668424074.62,240,1.44,2.83,-1.54,0.57
1668424074.62,240,3.24,3.18,2.40,-3.78
1668424074.62,240,4.46,3.17,2.40,-3.78
1668424074.62,240,5.56,3.97,1.63,4.27
1668424074.62,240,5.53,0.98,2.40,-3.78
1668424074.62,240,2.56,0.74,2.40,-3.78
1668424074.62,240,-0.38,0.18,-0.05,-2.04
1668424074.62,240,-2.41,0.76,-1.40,-0.16
1668424074.62,240,-2.15,-2.05,-0.02,-2.11
1668424074.62,240,-0.07,-0.98,-0.05,-2.04
1668424074.62,240,2.09,-1.35,0.15,-3.84
1668424074.62,240,3.97,-1.76,2.40,-3.78
1668424074.62,240,5.60,-2.08,2.40,-3.78
1668424074.62,240,-1.89,-3.09,0.16,-3.85
1668424074.62,240,-0.28,-3.04,0.15,-3.84
1668424074.62,240,2.06,-3.17,0.15,-3.84
1668424074.62,240,4.88,-2.81,2.40,-3.78
1668424074.62,240,6.60,-2.23,2.40,-3.78
1668424074.62,240,-2.42,-4.70,-1.10,-5.91
1668424074.62,240,-0.69,-4.50,0.16,-3.85
1668424074.62,240,1.67,-4.41,0.16,-3.85
1668424074.62,240,3.96,-5.02,0.18,-3.82
1668424074.62,240,5.74,-4.87,2.40,-3.78
1668424074.62,240,6.69,-3.95,2.40,-3.78
1668424074.62,240,-2.15,-6.27,-1.09,-5.95
1668424074.62,240,0.11,-6.07,0.16,-3.85
1668424074.62,240,2.15,-6.06,0.17,-3.86
1668424074.62,240,3.81,-5.48,0.18,-3.82
1668424074.62,240,6.94,-6.22,0.18,-3.82
1668424074.62,240,-1.95,-8.01,0.16,-3.85
1668424074.62,240,-0.37,-7.74,0.18,-3.87
1668424074.62,240,1.26,-7.95,0.18,-3.82
1668424074.62,240,3.46,-7.91,0.18,-3.82
1668424074.62,240,5.29,-7.77,0.20,-3.86
1668424074.62,240,6.62,-7.85,0.18,-3.82
1668424074.62,240,-2.14,-9.32,0.16,-3.85
1668424074.62,240,-0.48,-9.33,0.18,-3.82
1668424074.62,240,1.33,-8.87,0.18,-3.82
1668424074.62,240,3.71,-9.70,0.18,-3.82
1668424074.62,240,-0.60,-10.01,0.18,-3.82
1668424074.62,240,5.18,-9.42,0.19,-3.85
1668424074.62,240,7.35,-9.10,-nan,-nan
1668424074.62,240,7.35,-9.10,-nan,-nan
1668424074.62,250,-2.76,4.21,-2.44,4.45
1668424074.62,250,-0.75,3.96,-2.44,4.45
1668424074.62,250,1.10,4.31,1.63,4.27
1668424074.62,250,3.42,4.45,1.63,4.27
1668424074.62,250,5.17,4.86,1.63,4.27
1668424074.62,250,-2.87,2.51,-1.54,0.56
1668424074.62,250,-1.24,2.83,-1.54,0.55
1668424074.62,250,1.44,2.83,-0.05,-2.04
1668424074.62,250,3.24,3.18,2.40,-3.78
1668424074.62,250,4.46,3.17,2.40,-3.78
1668424074.62,250,5.56,3.97,1.63,4.27
1668424074.62,250,5.53,0.98,2.40,-3.78
1668424074.62,250,2.56,0.74,2.40,-3.78
1668424074.62,250,-0.38,0.18,-0.05,-2.04
1668424074.62,250,-2.41,0.76,-0.05,-2.04
1668424074.62,250,-2.15,-2.05,-0.02,-2.11
1668424074.62,250,-0.07,-0.98,-0.05,-2.04
1668424074.62,250,2.09,-1.35,2.40,-3.78
1668424074.62,250,3.97,-1.76,2.40,-3.78
1668424074.62,250,5.60,-2.08,2.40,-3.78
1668424074.62,250,-1.89,-3.09,0.16,-3.85
1668424074.62,250,-0.28,-3.04,0.16,-3.85
1668424074.62,250,2.06,-3.17,2.40,-3.78
1668424074.62,250,4.88,-2.81,2.40,-3.78
1668424074.62,250,6.60,-2.23,2.40,-3.78
1668424074.62,250,-2.42,-4.70,-0.18,-5.16
1668424074.62,250,-0.69,-4.50,0.16,-3.85
1668424074.62,250,1.67,-4.41,0.18,-3.82
1668424074.62,250,3.96,-5.02,2.40,-3.78
1668424074.62,250,5.74,-4.87,2.40,-3.78
1668424074.62,250,6.69,-3.95,2.40,-3.78
1668424074.62,250,-2.15,-6.27,0.17,-3.87
1668424074.62,250,0.11,-6.07,0.18,-3.82
1668424074.62,250,2.15,-6.06,0.18,-3.82
1668424074.62,250,3.81,-5.48,2.40,-3.78
1668424074.62,250,6.94,-6.22,2.40,-3.78
1668424074.62,250,-1.95,-8.01,0.18,-3.82
1668424074.62,250,-0.37,-7.74,0.18,-3.82
1668424074.62,250,1.26,-7.95,0.18,-3.82
1668424074.62,250,3.46,-7.91,0.18,-3.82
1668424074.62,250,5.29,-7.77,0.18,-3.82
1668424074.62,250,6.62,-7.85,2.40,-3.78
1668424074.62,250,-2.14,-9.32,0.18,-3.82
1668424074.62,250,-0.48,-9.33,0.18,-3.82
1668424074.62,250,1.33,-8.87,0.17,-3.82
1668424074.62,250,3.71,-9.70,0.18,-3.82
1668424074.62,250,-0.60,-10.01,0.18,-3.82
1668424074.62,250,5.18,-9.42,0.17,-3.82
1668424074.62,250,7.35,-9.10,0.18,-3.82
1668424074.62,250,7.35,-9.10,0.18,-3.82
1668424074.62,260,-2.76,4.21,-1.54,0.57
1668424074.62,260,-0.75,3.96,-1.54,0.55
1668424074.62,260,1.10,4.31,-0.53,4.37
1668424074.62,260,3.42,4.45,1.63,4.27
1668424074.62,260,5.17,4.86,1.63,4.27
1668424074.62,260,-2.87,2.51,-1.40,-0.16
1668424074.62,260,-1.24,2.83,-1.41,-0.11
1668424074.62,260,1.44,2.83,-0.05,-2.04
1668424074.62,260,3.24,3.18,2.40,-3.78
1668424074.62,260,4.46,3.17,2.40,-3.78
1668424074.62,260,5.56,3.97,1.63,4.27
1668424074.62,260,5.53,0.98,2.40,-3.78
1668424074.62,260,2.56,0.74,2.40,-3.78
1668424074.62,260,-0.38,0.18,-0.02,-2.11
1668424074.62,260,-2.41,0.76,-0.02,-2.11
1668424074.62,260,-2.15,-2.05,0.06,-2.58
1668424074.62,260,-0.07,-0.98,-0.05,-2.04
1668424074.62,260,2.09,-1.35,2.40,-3.78
1668424074.62,260,3.97,-1.76,2.40,-3.78
1668424074.62,260,5.60,-2.08,2.40,-3.78
1668424074.62,260,-1.89,-3.09,0.17,-3.82
1668424074.62,260,-0.28,-3.04,0.17,-3.82
1668424074.62,260,2.06,-3.17,2.40,-3.78
1668424074.62,260,4.88,-2.81,2.40,-3.78
1668424074.62,260,6.60,-2.23,2.41,-3.79
1668424074.62,260,-2.42,-4.70,0.19,-3.87
1668424074.62,260,-0.69,-4.50,0.18,-3.82
1668424074.62,260,1.67,-4.41,2.40,-3.78
1668424074.62,260,3.96,-5.02,2.40,-3.78
1668424074.62,260,5.74,-4.87,2.40,-3.78
1668424074.62,260,6.69,-3.95,2.40,-3.78
1668424074.62,260,-2.15,-6.27,0.18,-3.82
1668424074.62,260,0.11,-6.07,0.19,-3.83
1668424074.62,260,2.15,-6.06,2.40,-3.78
1668424074.62,260,3.81,-5.48,2.40,-3.78
1668424074.62,260,6.94,-6.22,2.40,-3.78
1668424074.62,260,-1.95,-8.01,0.18,-3.82
1668424074.62,260,-0.37,-7.74,0.18,-3.82
1668424074.62,260,1.26,-7.95,2.40,-3.78
1668424074.62,260,3.46,-7.91,2.40,-3.78
1668424074.62,260,5.29,-7.77,2.40,-3.78
1668424074.62,260,6.62,-7.85,2.40,-3.78
1668424074.62,260,-2.14,-9.32,0.18,-3.82
1668424074.62,260,-0.48,-9.33,0.17,-3.82
1668424074.62,260,1.33,-8.87,2.40,-3.78
1668424074.62,260,3.71,-9.70,2.40,-3.78
1668424074.62,260,-0.60,-10.01,0.18,-3.82
1668424074.62,260,5.18,-9.42,2.40,-3.78
1668424074.62,260,7.35,-9.10,2.40,-3.78
1668424074.62,260,7.35,-9.10,2.40,-3.78
1668424074.62,270,-2.76,4.21,-1.54,0.56
1668424074.62,270,-0.75,3.96,-1.54,0.55
1668424074.62,270,1.10,4.31,1.63,4.27
1668424074.62,270,3.42,4.45,1.63,4.27
1668424074.62,270,5.17,4.86,1.63,4.27
1668424074.62,270,-2.87,2.51,-0.05,-2.04
1668424074.62,270,-1.24,2.83,-0.05,-2.04
1668424074.62,270,1.44,2.83,2.40,-3.78
1668424074.62,270,3.24,3.18,2.40,-3.78
1668424074.62,270,4.46,3.17,2.40,-3.78
1668424074.62,270,5.56,3.97,1.63,4.27
1668424074.62,270,5.53,0.98,2.41,-3.79
1668424074.62,270,2.56,0.74,2.40,-3.78
1668424074.62,270,-0.38,0.18,-0.05,-2.04
1668424074.62,270,-2.41,0.76,-0.02,-2.11
1668424074.62,270,-2.15,-2.05,0.18,-3.82
1668424074.62,270,-0.07,-0.98,0.05,-2.51
1668424074.62,270,2.09,-1.35,2.40,-3.78
1668424074.62,270,3.97,-1.76,2.40,-3.78
1668424074.62,270,5.60,-2.08,2.41,-3.79
1668424074.62,270,-1.89,-3.09,0.18,-3.82
1668424074.62,270,-0.28,-3.04,0.18,-3.82
1668424074.62,270,2.06,-3.17,2.40,-3.78
1668424074.62,270,4.88,-2.81,2.41,-3.79
1668424074.62,270,6.60,-2.23,-nan,-nan
1668424074.62,270,-2.42,-4.70,0.18,-3.82
1668424074.62,270,-0.69,-4.50,0.18,-3.82
1668424074.62,270,1.67,-4.41,2.40,-3.78
1668424074.62,270,3.96,-5.02,2.40,-3.78
1668424074.62,270,5.74,-4.87,2.41,-3.79
1668424074.62,270,6.69,-3.95,2.41,-3.79
1668424074.62,270,-2.15,-6.27,0.18,-3.82
1668424074.62,270,0.11,-6.07,0.18,-3.82
1668424074.62,270,2.15,-6.06,2.40,-3.78
1668424074.62,270,3.81,-5.48,2.40,-3.78
1668424074.62,270,6.94,-6.22,2.41,-3.79
1668424074.62,270,-1.95,-8.01,0.18,-3.82
1668424074.62,270,-0.37,-7.74,0.18,-3.82
1668424074.62,270,1.26,-7.95,2.40,-3.78
1668424074.62,270,3.46,-7.91,2.40,-3.78
1668424074.62,270,5.29,-7.77,2.40,-3.78
1668424074.62,270,6.62,-7.85,2.40,-3.78
1668424074.62,270,-2.14,-9.32,0.17,-3.82
1668424074.62,270,-0.48,-9.33,0.18,-3.82
1668424074.62,270,1.33,-8.87,2.40,-3.78
1668424074.62,270,3.71,-9.70,2.40,-3.78
1668424074.62,270,-0.60,-10.01,2.41,-3.79
1668424074.62,270,5.18,-9.42,2.40,-3.78
1668424074.62,270,7.35,-9.10,2.40,-3.78
1668424074.62,270,7.35,-9.10,2.40,-3.78
1668424074.62,280,-2.76,4.21,-1.54,0.56
1668424074.62,280,-0.75,3.96,-1.54,0.56
1668424074.62,280,1.10,4.31,1.61,4.25
1668424074.62,280,3.42,4.45,1.63,4.27
1668424074.62,280,5.17,4.86,1.63,4.27
1668424074.62,280,-2.87,2.51,-0.05,-2.04
1668424074.62,280,-1.24,2.83,-0.02,-2.11
1668424074.62,280,1.44,2.83,2.41,-3.79
1668424074.62,280,3.24,3.18,2.41,-3.79
1668424074.62,280,4.46,3.17,2.41,-3.79
1668424074.62,280,5.56,3.97,-nan,-nan
1668424074.62,280,5.53,0.98,2.41,-3.79
1668424074.62,280,2.56,0.74,2.41,-3.79
1668424074.62,280,-0.38,0.18,0.06,-2.59
1668424074.62,280,-2.41,0.76,0.13,-3.03
1668424074.62,280,-2.15,-2.05,0.18,-3.82
1668424074.62,280,-0.07,-0.98,0.18,-3.82
1668424074.62,280,2.09,-1.35,2.41,-3.79
1668424074.62,280,3.97,-1.76,2.41,-3.79
1668424074.62,280,5.60,-2.08,2.41,-3.79
1668424074.62,280,-1.89,-3.09,0.18,-3.82
1668424074.62,280,-0.28,-3.04,0.18,-3.82
1668424074.62,280,2.06,-3.17,2.41,-3.79
1668424074.62,280,4.88,-2.81,2.41,-3.79
1668424074.62,280,6.60,-2.23,2.41,-3.79
1668424074.62,280,-2.42,-4.70,0.18,-3.82
1668424074.62,280,-0.69,-4.50,0.18,-3.82
1668424074.62,280,1.67,-4.41,2.41,-3.79
1668424074.62,280,3.96,-5.02,2.41,-3.79
1668424074.62,280,5.74,-4.87,2.41,-3.79
1668424074.62,280,6.69,-3.95,2.41,-3.79
1668424074.62,280,-2.15,-6.27,0.18,-3.82
1668424074.62,280,0.11,-6.07,0.18,-3.82
1668424074.62,280,2.15,-6.06,2.41,-3.79
1668424074.62,280,3.81,-5.48,2.41,-3.79
1668424074.62,280,6.94,-6.22,2.41,-3.79
1668424074.62,280,-1.95,-8.01,2.41,-3.79
1668424074.62,280,-0.37,-7.74,2.41,-3.79
1668424074.62,280,1.26,-7.95,2.41,-3.79
1668424074.62,280,3.46,-7.91,2.40,-3.80
1668424074.62,280,5.29,-7.77,2.41,-3.79
1668424074.62,280,6.62,-7.85,2.41,-3.79
1668424074.62,280,-2.14,-9.32,2.41,-3.79
1668424074.62,280,-0.48,-9.33,-2.14,-5.48
1668424074.62,280,1.33,-8.87,2.41,-3.79
1668424074.62,280,3.71,-9.70,2.40,-3.78
1668424074.62,280,-0.60,-10.01,-2.11,-6.00
1668424074.62,280,5.18,-9.42,2.41,-3.79
1668424074.62,280,7.35,-9.10,2.41,-3.79
1668424074.62,280,7.35,-9.10,2.41,-3.79
1668424074.62,290,-2.76,4.21,-1.54,0.56
1668424074.62,290,-0.75,3.96,-1.54,0.55
1668424074.62,290,1.10,4.31,1.61,4.25
1668424074.62,290,3.42,4.45,1.62,4.26
1668424074.62,290,5.17,4.86,-nan,-nan
1668424074.62,290,-2.87,2.51,0.14,-3.03
1668424074.62,290,-1.24,2.83,-0.05,-2.04
1668424074.62,290,1.44,2.83,2.41,-3.79
1668424074.62,290,3.24,3.18,2.41,-3.79
1668424074.62,290,4.46,3.17,2.41,-3.79
1668424074.62,290,5.56,3.97,1.63,4.27
1668424074.62,290,5.53,0.98,2.41,-3.79
1668424074.62,290,2.56,0.74,2.41,-3.79
1668424074.62,290,-0.38,0.18,0.18,-3.82
1668424074.62,290,-2.41,0.76,0.18,-3.82
1668424074.62,290,-2.15,-2.05,0.18,-3.82
1668424074.62,290,-0.07,-0.98,0.18,-3.82
1668424074.62,290,2.09,-1.35,2.41,-3.79
1668424074.62,290,3.97,-1.76,2.41,-3.79
1668424074.62,290,5.60,-2.08,2.41,-3.79
1668424074.62,290,-1.89,-3.09,2.41,-3.79
1668424074.62,290,-0.28,-3.04,0.18,-3.82
1668424074.62,290,2.06,-3.17,2.41,-3.79
1668424074.62,290,4.88,-2.81,2.41,-3.79
1668424074.62,290,6.60,-2.23,2.41,-3.79
1668424074.62,290,-2.42,-4.70,2.41,-3.79
1668424074.62,290,-0.69,-4.50,2.41,-3.79
1668424074.62,290,1.67,-4.41,2.41,-3.79
1668424074.62,290,3.96,-5.02,2.41,-3.79
1668424074.62,290,5.74,-4.87,2.41,-3.79
1668424074.62,290,6.69,-3.95,2.41,-3.79
1668424074.62,290,-2.15,-6.27,2.41,-3.79
1668424074.62,290,0.11,-6.07,2.41,-3.79
1668424074.62,290,2.15,-6.06,2.41,-3.79
1668424074.62,290,3.81,-5.48,2.41,-3.79
1668424074.62,290,6.94,-6.22,2.41,-3.79
1668424074.62,290,-1.95,-8.01,-2.16,-5.34
1668424074.62,290,-0.37,-7.74,0.91,-4.69
1668424074.62,290,1.26,-7.95,0.91,-4.69
1668424074.62,290,3.46,-7.91,2.41,-3.79
1668424074.62,290,5.29,-7.77,2.41,-3.79
1668424074.62,290,6.62,-7.85,2.41,-3.79
1668424074.62,290,-2.14,-9.32,-nan,-nan
1668424074.62,290,-0.48,-9.33,-2.08,-6.94
1668424074.62,290,1.33,-8.87,0.46,-7.37
1668424074.62,290,3.71,-9.70,2.41,-3.79
1668424074.62,290,-0.60,-10.01,-nan,-nan
1668424074.62,290,5.18,-9.42,2.41,-3.79
1668424074.62,290,7.35,-9.10,2.41,-3.79
1668424074.62,290,7.35,-9.10,2.41,-3.79
1668424074.62,300,-2.76,4.21,-0.05,-2.04
1668424074.62,300,-0.75,3.96,-0.02,-2.11
1668424074.62,300,1.10,4.31,1.61,4.25
1668424074.62,300,3.42,4.45,1.61,4.25
1668424074.62,300,5.17,4.86,1.63,4.27
1668424074.62,300,-2.87,2.51,0.18,-3.82
1668424074.62,300,-1.24,2.83,0.15,-3.83
1668424074.62,300,1.44,2.83,2.41,-3.79
1668424074.62,300,3.24,3.18,2.41,-3.79
1668424074.62,300,4.46,3.17,2.41,-3.79
1668424074.62,300,5.56,3.97,1.63,4.27
1668424074.62,300,5.53,0.98,2.41,-3.79
1668424074.62,300,2.56,0.74,2.41,-3.79
1668424074.62,300,-0.38,0.18,0.18,-3.82
1668424074.62,300,-2.41,0.76,0.91,-4.69
1668424074.62,300,-2.15,-2.05,-2.39,0.27
1668424074.62,300,-0.07,-0.98,2.41,-3.79
1668424074.62,300,2.09,-1.35,2.41,-3.79
1668424074.62,300,3.97,-1.76,2.41,-3.79
1668424074.62,300,5.60,-2.08,2.41,-3.79
1668424074.62,300,-1.89,-3.09,2.41,-3.79
1668424074.62,300,-0.28,-3.04,2.41,-3.79
1668424074.62,300,2.06,-3.17,2.41,-3.79
1668424074.62,300,4.88,-2.81,2.41,-3.79
1668424074.62,300,6.60,-2.23,2.41,-3.79
1668424074.62,300,-2.42,-4.70,-2.27,-2.64
1668424074.62,300,-0.69,-4.50,2.41,-3.79
1668424074.62,300,1.67,-4.41,2.41,-3.79
1668424074.62,300,3.96,-5.02,2.41,-3.79
1668424074.62,300,5.74,-4.87,2.41,-3.79
1668424074.62,300,6.69,-3.95,2.41,-3.79
1668424074.62,300,-2.15,-6.27,-2.19,-4.91
1668424074.62,300,0.11,-6.07,2.41,-3.79
1668424074.62,300,2.15,-6.06,2.41,-3.79
1668424074.62,300,3.81,-5.48,2.41,-3.79
1668424074.62,300,6.94,-6.22,2.41,-3.79
1668424074.62,300,-1.95,-8.01,-nan,-nan
1668424074.62,300,-0.37,-7.74,0.46,-7.37
1668424074.62,300,1.26,-7.95,0.46,-7.37
1668424074.62,300,3.46,-7.91,2.41,-3.79
1668424074.62,300,5.29,-7.77,2.65,-7.53
1668424074.62,300,6.62,-7.85,3.52,-8.38
1668424074.62,300,-2.14,-9.32,-nan,-nan
1668424074.62,300,-0.48,-9.33,-2.22,-8.62
1668424074.62,300,1.33,-8.87,0.45,-7.38
1668424074.62,300,3.71,-9.70,2.41,-3.79
1668424074.62,300,-0.60,-10.01,-3.65,-9.75
1668424074.62,300,5.18,-9.42,2.66,-7.52
1668424074.62,300,7.35,-9.10,3.41,-8.39
1668424074.62,300,7.35,-9.10,3.41,-8.39
1668424074.62,310,-2.76,4.21,0.91,-4.69
1668424074.62,310,-0.75,3.96,0.14,-3.03
1668424074.62,310,1.10,4.31,1.61,4.25
1668424074.62,310,3.42,4.45,1.61,4.25
1668424074.62,310,5.17,4.86,1.61,4.25
1668424074.62,310,-2.87,2.51,-2.39,0.27
1668424074.62,310,-1.24,2.83,0.18,-3.82
1668424074.62,310,1.44,2.83,2.41,-3.79
1668424074.62,310,3.24,3.18,2.41,-3.79
1668424074.62,310,4.46,3.17,2.41,-3.79
1668424074.62,310,5.56,3.97,1.61,4.25
1668424074.62,310,5.53,0.98,2.41,-3.79
1668424074.62,310,2.56,0.74,2.41,-3.79
1668424074.62,310,-0.38,0.18,2.41,-3.79
1668424074.62,310,-2.41,0.76,-2.39,0.28
1668424074.62,310,-2.15,-2.05,-2.34,-0.04
1668424074.62,310,-0.07,-0.98,2.41,-3.79
1668424074.62,310,2.09,-1.35,2.41,-3.79
1668424074.62,310,3.97,-1.76,2.41,-3.79
1668424074.62,310,5.60,-2.08,2.41,-3.79
1668424074.62,310,-1.89,-3.09,-2.23,-2.87
1668424074.62,310,-0.28,-3.04,0.91,-4.69
1668424074.62,310,2.06,-3.17,2.41,-3.79
1668424074.62,310,4.88,-2.81,2.41,-3.79
1668424074.62,310,6.60,-2.23,2.41,-3.79
1668424074.62,310,-2.42,-4.70,-2.24,-3.97
1668424074.62,310,-0.69,-4.50,0.91,-4.69
1668424074.62,310,1.67,-4.41,2.41,-3.79
1668424074.62,310,3.96,-5.02,2.41,-3.79
1668424074.62,310,5.74,-4.87,2.41,-3.79
1668424074.62,310,6.69,-3.95,2.41,-3.79
1668424074.62,310,-2.15,-6.27,-2.14,-5.55
1668424074.62,310,0.11,-6.07,0.46,-7.36
1668424074.62,310,2.15,-6.06,0.46,-7.36
1668424074.62,310,3.81,-5.48,2.41,-3.79
1668424074.62,310,6.94,-6.22,2.41,-3.79
1668424074.62,310,-1.95,-8.01,-2.08,-7.17
1668424074.62,310,-0.37,-7.74,0.46,-7.37
1668424074.62,310,1.26,-7.95,0.46,-7.37
1668424074.62,310,3.46,-7.91,2.65,-7.53
1668424074.62,310,5.29,-7.77,3.56,-8.40
1668424074.62,310,6.62,-7.85,3.57,-8.40
1668424074.62,310,-2.14,-9.32,-1.17,-10.42
1668424074.62,310,-0.48,-9.33,-2.23,-8.62
1668424074.62,310,1.33,-8.87,0.45,-7.37
1668424074.62,310,3.71,-9.70,3.55,-8.39
1668424074.62,310,-0.60,-10.01,-2.23,-8.64
1668424074.62,310,5.18,-9.42,3.54,-8.39
1668424074.62,310,7.35,-9.10,3.54,-8.40
1668424074.62,310,7.35,-9.10,3.54,-8.40
1668424074.62,320,-2.76,4.21,-2.39,0.28
1668424074.62,320,-0.75,3.96,0.91,-4.69
1668424074.62,320,1.10,4.31,0.91,-4.69
1668424074.62,320,3.42,4.45,1.61,4.25
1668424074.62,320,5.17,4.86,1.61,4.25
1668424074.62,320,-2.87,2.51,-2.39,0.27
1668424074.62,320,-1.24,2.83,0.91,-4.69
1668424074.62,320,1.44,2.83,0.91,-4.69
1668424074.62,320,3.24,3.18,0.91,-4.69
1668424074.62,320,4.46,3.17,2.41,-3.79
1668424074.62,320,5.56,3.97,0.91,-4.69
1668424074.62,320,5.53,0.98,2.41,-3.79
1668424074.62,320,2.56,0.74,2.41,-3.79
1668424074.62,320,-0.38,0.18,0.91,-4.69
1668424074.62,320,-2.41,0.76,-2.39,0.27
1668424074.62,320,-2.15,-2.05,-nan,-nan
1668424074.62,320,-0.07,-0.98,0.91,-4.69
1668424074.62,320,2.09,-1.35,2.41,-3.79
1668424074.62,320,3.97,-1.76,2.41,-3.79
1668424074.62,320,5.60,-2.08,2.41,-3.79
1668424074.62,320,-1.89,-3.09,-2.24,-2.88
1668424074.62,320,-0.28,-3.04,0.91,-4.69
1668424074.62,320,2.06,-3.17,2.41,-3.79
1668424074.62,320,4.88,-2.81,2.41,-3.79
1668424074.62,320,6.60,-2.23,2.41,-3.79
1668424074.62,320,-2.42,-4.70,-2.19,-4.90
1668424074.62,320,-0.69,-4.50,0.91,-4.69
1668424074.62,320,1.67,-4.41,0.91,-4.69
1668424074.62,320,3.96,-5.02,2.41,-3.79
1668424074.62,320,5.74,-4.87,2.41,-3.79
1668424074.62,320,6.69,-3.95,2.41,-3.79
1668424074.62,320,-2.15,-6.27,-2.09,-6.61
1668424074.62,320,0.11,-6.07,0.46,-7.36
1668424074.62,320,2.15,-6.06,0.46,-7.41
1668424074.62,320,3.81,-5.48,2.41,-3.79
1668424074.62,320,6.94,-6.22,2.00,-7.51
1668424074.62,320,-1.95,-8.01,-2.08,-7.17
1668424074.62,320,-0.37,-7.74,0.45,-7.37
1668424074.62,320,1.26,-7.95,0.46,-7.40
1668424074.62,320,3.46,-7.91,2.66,-7.52
1668424074.62,320,5.29,-7.77,2.61,-7.51
1668424074.62,320,6.62,-7.85,5.96,-7.70
1668424074.62,320,-2.14,-9.32,-2.22,-8.62
1668424074.62,320,-0.48,-9.33,0.46,-7.37
1668424074.62,320,1.33,-8.87,2.66,-7.52
1668424074.62,320,3.71,-9.70,3.57,-8.40
1668424074.62,320,-0.60,-10.01,0.46,-7.37
1668424074.62,320,5.18,-9.42,3.56,-8.40
1668424074.62,320,7.35,-9.10,5.76,-8.00
1668424074.62,320,7.35,-9.10,5.76,-8.00
1668424074.62,330,-2.76,4.21,-2.39,0.26
1668424074.62,330,-0.75,3.96,1.64,-0.15
1668424074.62,330,1.10,4.31,0.91,-4.69
1668424074.62,330,3.42,4.45,0.91,-4.69
1668424074.62,330,5.17,4.86,0.91,-4.69
1668424074.62,330,-2.87,2.51,-2.39,0.27
1668424074.62,330,-1.24,2.83,0.91,-4.69
1668424074.62,330,1.44,2.83,0.91,-4.69
1668424074.62,330,3.24,3.18,0.91,-4.69
1668424074.62,330,4.46,3.17,0.91,-4.69
1668424074.62,330,5.56,3.97,0.91,-4.69
1668424074.62,330,5.53,0.98,2.41,-3.79
1668424074.62,330,2.56,0.74,0.91,-4.69
1668424074.62,330,-0.38,0.18,0.91,-4.69
1668424074.62,330,-2.41,0.76,-2.39,0.27
1668424074.62,330,-2.15,-2.05,-2.22,-2.89
1668424074.62,330,-0.07,-0.98,0.91,-4.69
1668424074.62,330,2.09,-1.35,0.91,-4.69
1668424074.62,330,3.97,-1.76,2.41,-3.79
1668424074.62,330,5.60,-2.08,2.41,-3.79
1668424074.62,330,-1.89,-3.09,-2.27,-3.59
1668424074.62,330,-0.28,-3.04,0.91,-4.69
1668424074.62,330,2.06,-3.17,0.91,-4.69
1668424074.62,330,4.88,-2.81,2.41,-3.79
1668424074.62,330,6.60,-2.23,2.41,-3.79
1668424074.62,330,-2.42,-4.70,-2.16,-5.37
1668424074.62,330,-0.69,-4.50,0.46,-7.36
1668424074.62,330,1.67,-4.41,0.91,-4.69
1668424074.62,330,3.96,-5.02,2.41,-3.79
1668424074.62,330,5.74,-4.87,2.41,-3.79
1668424074.62,330,6.69,-3.95,2.41,-3.79
1668424074.62,330,-2.15,-6.27,-2.07,-7.19
1668424074.62,330,0.11,-6.07,1.17,-7.48
1668424074.62,330,2.15,-6.06,1.83,-7.56
1668424074.62,330,3.81,-5.48,2.00,-7.51
1668424074.62,330,6.94,-6.22,2.01,-7.51
1668424074.62,330,-1.95,-8.01,0.46,-7.37
1668424074.62,330,-0.37,-7.74,0.47,-7.45
1668424074.62,330,1.26,-7.95,1.69,-7.61
1668424074.62,330,3.46,-7.91,2.00,-7.51
1668424074.62,330,5.29,-7.77,2.01,-7.51
1668424074.62,330,6.62,-7.85,5.95,-7.71
1668424074.62,330,-2.14,-9.32,0.46,-7.37
1668424074.62,330,-0.48,-9.33,2.66,-7.52
1668424074.62,330,1.33,-8.87,1.69,-7.61
1668424074.62,330,3.71,-9.70,5.92,-7.73
1668424074.62,330,-0.60,-10.01,3.51,-8.40
1668424074.62,330,5.18,-9.42,5.95,-7.71
1668424074.62,330,7.35,-9.10,5.95,-7.71
1668424074.62,330,7.35,-9.10,5.95,-7.71
1668424074.62,340,-2.76,4.21,-2.39,0.27
1668424074.62,340,-0.75,3.96,0.91,-4.69
1668424074.62,340,1.10,4.31,0.91,-4.69
1668424074.62,340,3.42,4.45,0.91,-4.69
1668424074.62,340,5.17,4.86,0.91,-4.69
1668424074.62,340,-2.87,2.51,-2.41,0.24
1668424074.62,340,-1.24,2.83,0.91,-4.69
1668424074.62,340,1.44,2.83,1.64,-0.15
1668424074.62,340,3.24,3.18,0.91,-4.69
1668424074.62,340,4.46,3.17,0.91,-4.69
1668424074.62,340,5.56,3.97,0.91,-4.69
1668424074.62,340,5.53,0.98,0.91,-4.69
1668424074.62,340,2.56,0.74,0.91,-4.69
1668424074.62,340,-0.38,0.18,0.91,-4.69
1668424074.62,340,-2.41,0.76,-2.39,0.27
1668424074.62,340,-2.15,-2.05,-2.24,-2.92
1668424074.62,340,-0.07,-0.98,0.91,-4.69
1668424074.62,340,2.09,-1.35,0.91,-4.69
1668424074.62,340,3.97,-1.76,0.91,-4.69
1668424074.62,340,5.60,-2.08,2.41,-3.79
1668424074.62,340,-1.89,-3.09,0.91,-4.69
1668424074.62,340,-0.28,-3.04,0.91,-4.69
1668424074.62,340,2.06,-3.17,0.91,-4.69
1668424074.62,340,4.88,-2.81,2.41,-3.79
1668424074.62,340,6.60,-2.23,2.41,-3.79
1668424074.62,340,-2.42,-4.70,0.46,-7.37
1668424074.62,340,-0.69,-4.50,0.46,-7.37
1668424074.62,340,1.67,-4.41,0.91,-4.69
1668424074.62,340,3.96,-5.02,2.00,-7.51
1668424074.62,340,5.74,-4.87,2.00,-7.51
1668424074.62,340,6.69,-3.95,2.41,-3.79
1668424074.62,340,-2.15,-6.27,0.46,-7.37
1668424074.62,340,0.11,-6.07,2.00,-7.51
1668424074.62,340,2.15,-6.06,2.01,-7.51
1668424074.62,340,3.81,-5.48,2.00,-7.51
1668424074.62,340,6.94,-6.22,2.00,-7.51
1668424074.62,340,-1.95,-8.01,0.46,-7.40
1668424074.62,340,-0.37,-7.74,1.82,-7.56
1668424074.62,340,1.26,-7.95,2.00,-7.51
1668424074.62,340,3.46,-7.91,2.00,-7.51
1668424074.62,340,5.29,-7.77,2.00,-7.51
1668424074.62,340,6.62,-7.85,2.01,-7.51
1668424074.62,340,-2.14,-9.32,3.54,-8.40
1668424074.62,340,-0.48,-9.33,2.65,-7.52
1668424074.62,340,1.33,-8.87,2.01,-7.51
1668424074.62,340,3.71,-9.70,2.00,-7.51
1668424074.62,340,-0.60,-10.01,3.56,-8.39
1668424074.62,340,5.18,-9.42,2.00,-7.51
1668424074.62,340,7.35,-9.10,-nan,-nan
1668424074.62,340,7.35,-9.10,-nan,-nan
1668424074.62,350,-2.76,4.21,-2.41,0.24
1668424074.62,350,-0.75,3.96,1.66,-0.20
1668424074.62,350,1.10,4.31,0.91,-4.69
1668424074.62,350,3.42,4.45,1.66,-0.20
1668424074.62,350,5.17,4.86,0.91,-4.69
1668424074.62,350,-2.87,2.51,-2.34,-0.04
1668424074.62,350,-1.24,2.83,0.91,-4.69
1668424074.62,350,1.44,2.83,0.91,-4.69
1668424074.62,350,3.24,3.18,0.91,-4.69
1668424074.62,350,4.46,3.17,0.91,-4.69
1668424074.62,350,5.56,3.97,0.91,-4.69
1668424074.62,350,5.53,0.98,0.91,-4.69
1668424074.62,350,2.56,0.74,0.91,-4.69
1668424074.62,350,-0.38,0.18,1.64,-0.15
1668424074.62,350,-2.41,0.76,-2.34,-0.04
1668424074.62,350,-2.15,-2.05,0.91,-4.69
1668424074.62,350,-0.07,-0.98,0.91,-4.69
1668424074.62,350,2.09,-1.35,0.91,-4.69
1668424074.62,350,3.97,-1.76,0.91,-4.69
1668424074.62,350,5.60,-2.08,0.91,-4.69
1668424074.62,350,-1.89,-3.09,0.46,-7.37
1668424074.62,350,-0.28,-3.04,0.91,-4.69
1668424074.62,350,2.06,-3.17,0.91,-4.69
1668424074.62,350,4.88,-2.81,0.91,-4.69
1668424074.62,350,6.60,-2.23,0.91,-4.69
1668424074.62,350,-2.42,-4.70,0.47,-7.45
1668424074.62,350,-0.69,-4.50,2.00,-7.51
1668424074.62,350,1.67,-4.41,0.91,-4.69
1668424074.62,350,3.96,-5.02,2.00,-7.51
1668424074.62,350,5.74,-4.87,2.00,-7.51
1668424074.62,350,6.69,-3.95,2.41,-3.79
1668424074.62,350,-2.15,-6.27,1.15,-7.51
1668424074.62,350,0.11,-6.07,2.00,-7.51
1668424074.62,350,2.15,-6.06,2.00,-7.51
1668424074.62,350,3.81,-5.48,2.00,-7.51
1668424074.62,350,6.94,-6.22,2.00,-7.51
1668424074.62,350,-1.95,-8.01,1.76,-7.59
1668424074.62,350,-0.37,-7.74,2.00,-7.51
1668424074.62,350,1.26,-7.95,2.00,-7.51
1668424074.62,350,3.46,-7.91,2.01,-7.51
1668424074.62,350,5.29,-7.77,2.00,-7.51
1668424074.62,350,6.62,-7.85,2.00,-7.51
1668424074.62,350,-2.14,-9.32,2.66,-7.52
1668424074.62,350,-0.48,-9.33,2.01,-7.51
1668424074.62,350,1.33,-8.87,2.00,-7.51
1668424074.62,350,3.71,-9.70,2.01,-7.51
1668424074.62,350,-0.60,-10.01,2.00,-7.51
1668424074.62,350,5.18,-9.42,2.00,-7.51
1668424074.62,350,7.35,-9.10,-nan,-nan
1668424074.62,350,7.35,-9.10,-nan,-nan
