1684932888.77	-1.06	-3.08	-169.05
1684932888.87	-1.06	-3.09	-169.04
1684932888.97	-1.06	-3.09	-169.04
1684932889.07	-1.06	-3.08	-169.04
1684932889.17	-1.06	-3.08	-169.04
1684932889.27	-1.06	-3.08	-169.01
1684932889.37	-1.06	-3.08	-169.01
1684932889.47	-1.06	-3.08	-169.05
1684932889.57	-1.06	-3.08	-169.05
1684932889.67	-1.06	-3.08	-169.05
1684932889.77	-1.06	-3.08	-169.05
1684932889.87	-1.06	-3.08	-169.03
1684932889.97	-1.06	-3.08	-169.03
1684932890.07	-1.06	-3.08	-169.04
1684932890.17	-1.06	-3.08	-169.04
1684932890.27	-1.06	-3.08	-169.05
1684932890.37	-1.06	-3.08	-169.05
1684932890.47	-1.06	-3.08	-169.10
1684932890.57	-1.06	-3.08	-169.10
1684932890.67	-1.06	-3.08	-169.06
1684932890.77	-1.06	-3.08	-169.06
1684932890.87	-1.06	-3.08	-169.03
1684932890.97	-1.06	-3.08	-169.03
1684932891.07	-1.06	-3.08	-169.02
1684932891.17	-1.06	-3.08	-169.02
1684932891.27	-1.06	-3.07	-169.00
1684932891.37	-1.06	-3.07	-169.00
1684932891.47	-1.06	-3.07	-169.01
1684932891.57	-1.06	-3.07	-169.01
1684932891.67	-1.05	-3.06	-168.95
1684932891.77	-1.05	-3.06	-168.95
1684932891.87	-1.06	-3.07	-168.98
1684932891.97	-1.06	-3.07	-168.98
1684932892.07	-1.06	-3.07	-168.98
1684932892.17	-1.06	-3.07	-168.98
1684932892.27	-1.06	-3.07	-169.02
1684932892.37	-1.06	-3.07	-169.02
1684932892.47	-1.06	-3.08	-169.03
1684932892.57	-1.06	-3.08	-169.03
1684932892.67	-1.06	-3.07	-169.04
1684932892.77	-1.06	-3.07	-169.04
1684932892.87	-1.06	-3.08	-169.03
1684932892.97	-1.06	-3.08	-169.03
1684932893.07	-1.05	-3.08	-169.01
1684932893.17	-1.05	-3.08	-169.01
1684932893.27	-1.06	-3.08	-169.03
1684932893.37	-1.06	-3.08	-169.03
1684932893.47	-1.06	-3.08	-169.03
1684932893.57	-1.06	-3.08	-169.03
1684932893.67	-1.05	-3.08	-169.05
1684932893.77	-1.05	-3.08	-169.05
1684932893.87	-1.05	-3.08	-169.04
1684932893.97	-1.05	-3.08	-169.04
1684932894.07	-1.05	-3.08	-169.03
1684932894.17	-1.05	-3.08	-169.03
1684932894.27	-1.05	-3.08	-169.02
1684932894.37	-1.05	-3.08	-169.02
1684932894.47	-1.06	-3.08	-169.03
1684932894.57	-1.06	-3.08	-169.03
1684932894.67	-1.05	-3.08	-169.02
1684932894.77	-1.05	-3.08	-169.02
1684932894.87	-1.06	-3.08	-169.02
1684932894.97	-1.06	-3.08	-169.02
1684932895.07	-1.06	-3.08	-169.02
1684932895.17	-1.06	-3.08	-169.02
1684932895.27	-1.06	-3.08	-169.02
1684932895.37	-1.06	-3.08	-169.02
1684932895.47	-1.06	-3.08	-169.03
1684932895.57	-1.06	-3.08	-169.03
1684932895.67	-1.06	-3.08	-169.03
1684932895.77	-1.06	-3.08	-169.03
1684932895.87	-1.05	-3.08	-169.05
1684932895.97	-1.05	-3.08	-169.05
1684932896.07	-1.06	-3.08	-169.02
1684932896.16	-1.06	-3.08	-169.02
1684932896.26	-1.05	-3.08	-169.02
1684932896.36	-1.05	-3.08	-169.02
1684932896.46	-1.06	-3.08	-169.03
1684932896.56	-1.06	-3.08	-169.03
1684932896.66	-1.06	-3.07	-169.03
1684932896.76	-1.06	-3.07	-169.03
1684932896.86	-1.06	-3.08	-169.04
1684932896.96	-1.06	-3.08	-169.04
1684932897.06	-1.06	-3.08	-169.02
1684932897.16	-1.06	-3.08	-169.02
1684932897.26	-1.06	-3.07	-169.01
1684932897.36	-1.06	-3.07	-169.01
1684932897.46	-1.05	-3.08	-169.01
1684932897.56	-1.05	-3.08	-169.01
1684932897.66	-1.06	-3.07	-169.01
1684932897.76	-1.06	-3.07	-169.01
1684932897.86	-1.05	-3.08	-169.05
1684932897.96	-1.05	-3.08	-169.05
1684932898.06	-1.06	-3.08	-169.03
1684932898.16	-1.06	-3.08	-169.03
1684932898.26	-1.06	-3.08	-169.03
1684932898.36	-1.06	-3.08	-169.03
1684932898.46	-1.06	-3.07	-169.02
1684932898.56	-1.06	-3.07	-169.02
1684932898.66	-1.05	-3.08	-169.03
1684932898.76	-1.05	-3.08	-169.03
1684932898.86	-1.05	-3.08	-169.02
1684932898.96	-1.05	-3.08	-169.02
1684932899.06	-1.06	-3.08	-169.01
1684932899.16	-1.06	-3.08	-169.01
1684932899.26	-1.05	-3.08	-169.00
1684932899.36	-1.05	-3.08	-169.00
1684932899.46	-1.06	-3.07	-169.00
1684932899.56	-1.06	-3.07	-169.00
1684932899.66	-1.05	-3.08	-169.02
1684932899.76	-1.05	-3.08	-169.02
1684932899.86	-1.06	-3.07	-169.00
1684932899.96	-1.06	-3.07	-169.00
1684932900.06	-1.05	-3.07	-169.03
1684932900.16	-1.05	-3.07	-169.03
1684932900.26	-1.06	-3.07	-169.01
1684932900.36	-1.06	-3.07	-169.01
1684932900.46	-1.06	-3.07	-169.03
1684932900.56	-1.06	-3.07	-169.03
1684932900.66	-1.06	-3.07	-169.02
1684932900.76	-1.06	-3.07	-169.02
1684932900.86	-1.05	-3.08	-169.04
1684932900.96	-1.05	-3.08	-169.04
1684932901.06	-1.06	-3.07	-168.99
1684932901.16	-1.06	-3.07	-168.99
1684932901.26	-1.06	-3.07	-169.00
1684932901.36	-1.06	-3.07	-169.00
1684932901.46	-1.05	-3.07	-169.01
1684932901.56	-1.05	-3.07	-169.01
1684932901.66	-1.05	-3.08	-169.02
1684932901.76	-1.05	-3.08	-169.02
1684932901.86	-1.05	-3.07	-169.01
1684932901.96	-1.05	-3.07	-169.01
1684932902.06	-1.05	-3.07	-168.98
1684932902.16	-1.05	-3.07	-168.98
1684932902.26	-1.06	-3.07	-168.99
1684932902.36	-1.06	-3.07	-168.99
1684932902.46	-1.06	-3.07	-169.01
1684932902.56	-1.06	-3.07	-169.01
1684932902.66	-1.06	-3.07	-169.01
1684932902.76	-1.06	-3.07	-169.01
1684932902.86	-1.06	-3.07	-169.00
1684932902.96	-1.06	-3.07	-169.00
1684932903.06	-1.06	-3.07	-169.01
1684932903.16	-1.06	-3.07	-169.01
1684932903.26	-1.06	-3.07	-169.02
1684932903.36	-1.06	-3.07	-169.02
1684932903.46	-1.06	-3.07	-169.04
1684932903.56	-1.06	-3.07	-169.04
1684932903.66	-1.06	-3.07	-169.01
1684932903.76	-1.06	-3.07	-169.01
1684932903.86	-1.06	-3.07	-169.02
1684932903.96	-1.06	-3.07	-169.02
1684932904.06	-1.05	-3.07	-168.99
1684932904.16	-1.05	-3.07	-168.99
1684932904.26	-1.05	-3.07	-169.02
1684932904.36	-1.05	-3.07	-169.02
1684932904.46	-1.06	-3.07	-169.01
1684932904.56	-1.06	-3.07	-169.01
1684932904.66	-1.06	-3.07	-169.00
1684932904.76	-1.06	-3.07	-169.00
1684932904.86	-1.05	-3.07	-169.01
1684932904.96	-1.05	-3.07	-169.01
1684932905.06	-1.06	-3.07	-169.01
1684932905.16	-1.06	-3.07	-169.01
1684932905.26	-1.06	-3.07	-169.03
1684932905.36	-1.06	-3.07	-169.03
1684932905.45	-1.06	-3.08	-169.02
1684932905.55	-1.06	-3.08	-169.02
1684932905.65	-1.06	-3.07	-169.03
1684932905.75	-1.06	-3.07	-169.03
1684932905.85	-1.06	-3.08	-169.03
1684932905.95	-1.06	-3.08	-169.03
1684932906.05	-1.06	-3.07	-169.03
1684932906.15	-1.06	-3.07	-169.03
1684932906.25	-1.06	-3.08	-169.03
1684932906.35	-1.06	-3.08	-169.03
1684932906.45	-1.05	-3.08	-169.03
1684932906.55	-1.05	-3.08	-169.03
1684932906.65	-1.06	-3.08	-169.03
1684932906.75	-1.06	-3.08	-169.03
1684932906.85	-1.05	-3.08	-169.03
1684932906.95	-1.05	-3.08	-169.03
1684932907.05	-1.06	-3.08	-169.03
1684932907.15	-1.06	-3.08	-169.03
1684932907.25	-1.06	-3.08	-169.02
1684932907.35	-1.06	-3.08	-169.02
1684932907.45	-1.06	-3.08	-169.00
1684932907.55	-1.06	-3.08	-169.00
1684932907.65	-1.05	-3.08	-169.03
1684932907.75	-1.05	-3.08	-169.03
1684932907.85	-1.05	-3.08	-169.05
1684932907.95	-1.05	-3.08	-169.05
1684932908.05	-1.06	-3.07	-169.03
1684932908.15	-1.06	-3.07	-169.03
1684932908.25	-1.06	-3.07	-169.00
1684932908.35	-1.06	-3.07	-169.00
1684932908.45	-1.06	-3.08	-169.01
1684932908.55	-1.06	-3.08	-169.01
1684932908.65	-1.06	-3.08	-169.05
1684932908.75	-1.06	-3.08	-169.05
1684932908.85	-1.06	-3.08	-169.03
1684932908.95	-1.06	-3.08	-169.03
1684932909.05	-1.06	-3.08	-169.03
1684932909.15	-1.06	-3.08	-169.03
1684932909.25	-1.05	-3.08	-169.03
1684932909.35	-1.05	-3.08	-169.03
1684932909.45	-1.06	-3.08	-169.00
1684932909.55	-1.06	-3.08	-169.00
1684932909.65	-1.06	-3.07	-169.03
1684932909.75	-1.06	-3.07	-169.03
1684932909.85	-1.06	-3.08	-169.03
1684932909.95	-1.06	-3.08	-169.03
1684932910.05	-1.06	-3.08	-169.05
1684932910.15	-1.06	-3.08	-169.05
1684932910.25	-1.06	-3.07	-169.03
1684932910.35	-1.06	-3.07	-169.03
1684932910.45	-1.06	-3.06	-169.02
1684932910.55	-1.06	-3.06	-169.02
1684932910.65	-1.07	-3.00	-169.01
1684932910.75	-1.07	-3.00	-169.01
1684932910.85	-1.09	-2.92	-168.94
1684932910.95	-1.09	-2.92	-168.94
1684932911.05	-1.11	-2.86	-168.90
1684932911.15	-1.11	-2.86	-168.90
1684932911.25	-1.12	-2.80	-168.86
1684932911.35	-1.12	-2.80	-168.86
1684932911.45	-1.13	-2.75	-168.83
1684932911.55	-1.13	-2.75	-168.83
1684932911.65	-1.14	-2.72	-168.90
1684932911.75	-1.14	-2.72	-168.90
1684932911.85	-1.14	-2.72	-168.87
1684932911.95	-1.14	-2.72	-168.87
1684932912.05	-1.14	-2.72	-168.85
1684932912.15	-1.14	-2.72	-168.85
1684932912.25	-1.14	-2.71	-168.93
1684932912.35	-1.14	-2.71	-168.93
1684932912.45	-1.14	-2.70	-168.91
1684932912.55	-1.14	-2.70	-168.91
1684932912.65	-1.14	-2.69	-168.87
1684932912.75	-1.14	-2.69	-168.87
1684932912.85	-1.14	-2.69	-168.93
1684932912.95	-1.14	-2.69	-168.93
1684932913.05	-1.14	-2.68	-168.93
1684932913.15	-1.14	-2.68	-168.93
1684932913.25	-1.16	-2.62	-168.98
1684932913.35	-1.16	-2.62	-168.98
1684932913.45	-1.17	-2.57	-168.94
1684932913.55	-1.17	-2.57	-168.94
1684932913.65	-1.18	-2.54	-168.92
1684932913.75	-1.18	-2.54	-168.92
1684932913.85	-1.19	-2.52	-168.91
1684932913.95	-1.19	-2.52	-168.91
1684932914.05	-1.20	-2.46	-168.81
1684932914.15	-1.20	-2.46	-168.81
1684932914.25	-1.22	-2.37	-168.69
1684932914.35	-1.22	-2.37	-168.69
1684932914.45	-1.24	-2.29	-168.62
1684932914.55	-1.24	-2.29	-168.62
1684932914.65	-1.27	-2.19	-168.66
1684932914.75	-1.27	-2.19	-168.66
1684932914.85	-1.29	-2.10	-168.67
1684932914.94	-1.29	-2.10	-168.67
1684932915.04	-1.30	-2.04	-168.59
1684932915.14	-1.30	-2.04	-168.59
1684932915.24	-1.32	-1.96	-168.47
1684932915.34	-1.32	-1.96	-168.47
1684932915.44	-1.34	-1.87	-168.37
1684932915.54	-1.34	-1.87	-168.37
1684932915.64	-1.37	-1.77	-168.10
1684932915.74	-1.37	-1.77	-168.10
1684932915.84	-1.39	-1.68	-167.75
1684932915.94	-1.39	-1.68	-167.75
1684932916.04	-1.42	-1.59	-167.18
1684932916.14	-1.42	-1.59	-167.18
1684932916.24	-1.46	-1.50	-166.55
1684932916.34	-1.46	-1.50	-166.55
1684932916.44	-1.48	-1.40	-165.90
1684932916.54	-1.48	-1.40	-165.90
1684932916.64	-1.52	-1.32	-165.26
1684932916.74	-1.52	-1.32	-165.26
1684932916.84	-1.55	-1.22	-164.58
1684932916.94	-1.55	-1.22	-164.58
1684932917.04	-1.58	-1.14	-163.98
1684932917.14	-1.58	-1.14	-163.98
1684932917.24	-1.62	-1.06	-163.44
1684932917.34	-1.62	-1.06	-163.44
1684932917.44	-1.65	-0.97	-162.83
1684932917.54	-1.65	-0.97	-162.83
1684932917.64	-1.69	-0.87	-162.32
1684932917.74	-1.69	-0.87	-162.32
1684932917.84	-1.72	-0.78	-161.64
1684932917.94	-1.72	-0.78	-161.64
1684932918.04	-1.76	-0.70	-161.05
1684932918.14	-1.76	-0.70	-161.05
1684932918.24	-1.80	-0.61	-160.57
1684932918.34	-1.80	-0.61	-160.57
1684932918.44	-1.83	-0.52	-160.39
1684932918.54	-1.83	-0.52	-160.39
1684932918.64	-1.86	-0.43	-160.26
1684932918.74	-1.86	-0.43	-160.26
1684932918.84	-1.90	-0.35	-160.12
1684932918.94	-1.90	-0.35	-160.12
1684932919.04	-1.94	-0.26	-159.95
1684932919.14	-1.94	-0.26	-159.95
1684932919.24	-1.97	-0.17	-159.79
1684932919.34	-1.97	-0.17	-159.79
1684932919.44	-2.01	-0.10	-159.66
1684932919.54	-2.01	-0.10	-159.66
1684932919.64	-2.04	-0.01	-159.45
1684932919.74	-2.04	-0.01	-159.45
1684932919.84	-2.08	0.07	-159.33
1684932919.94	-2.08	0.07	-159.33
1684932920.04	-2.11	0.16	-159.19
1684932920.14	-2.11	0.16	-159.19
1684932920.24	-2.15	0.25	-159.11
1684932920.34	-2.15	0.25	-159.11
1684932920.44	-2.18	0.33	-159.40
1684932920.54	-2.18	0.33	-159.40
1684932920.64	-2.21	0.42	-160.15
1684932920.74	-2.21	0.42	-160.15
1684932920.84	-2.24	0.51	-161.58
1684932920.94	-2.24	0.51	-161.58
1684932921.04	-2.25	0.61	-163.38
1684932921.14	-2.25	0.61	-163.38
1684932921.24	-2.26	0.69	-165.22
1684932921.34	-2.26	0.69	-165.22
1684932921.44	-2.27	0.78	-166.89
1684932921.54	-2.27	0.78	-166.89
1684932921.64	-2.26	0.84	-168.42
1684932921.74	-2.26	0.84	-168.42
1684932921.84	-2.27	0.89	-169.58
1684932921.94	-2.27	0.89	-169.58
1684932922.04	-2.27	0.92	-170.57
1684932922.14	-2.27	0.92	-170.57
1684932922.24	-2.26	0.96	-171.80
1684932922.34	-2.26	0.96	-171.80
1684932922.44	-2.26	1.01	-173.61
1684932922.54	-2.26	1.01	-173.61
1684932922.64	-2.24	1.07	-175.67
1684932922.74	-2.24	1.07	-175.67
1684932922.84	-2.23	1.14	-177.51
1684932922.94	-2.23	1.14	-177.51
1684932923.04	-2.22	1.19	-179.32
1684932923.14	-2.22	1.19	-179.32
1684932923.24	-2.21	1.24	178.87
1684932923.34	-2.21	1.24	178.87
1684932923.44	-2.19	1.30	177.04
1684932923.54	-2.19	1.30	177.04
1684932923.64	-2.17	1.35	175.35
1684932923.74	-2.17	1.35	175.35
1684932923.84	-2.15	1.41	173.70
1684932923.94	-2.15	1.41	173.70
1684932924.04	-2.13	1.47	172.12
1684932924.14	-2.13	1.47	172.12
1684932924.24	-2.11	1.53	170.44
1684932924.34	-2.11	1.53	170.44
1684932924.44	-2.09	1.60	168.72
1684932924.54	-2.09	1.60	168.72
1684932924.64	-2.06	1.66	166.98
1684932924.74	-2.06	1.66	166.98
1684932924.84	-2.03	1.72	165.23
1684932924.94	-2.03	1.72	165.23
1684932925.04	-2.00	1.78	163.48
1684932925.13	-2.00	1.78	163.48
1684932925.23	-1.96	1.84	161.73
1684932925.33	-1.96	1.84	161.73
1684932925.43	-1.93	1.91	160.01
1684932925.53	-1.93	1.91	160.01
1684932925.63	-1.89	1.97	158.33
1684932925.73	-1.89	1.97	158.33
1684932925.83	-1.86	2.02	157.00
1684932925.93	-1.86	2.02	157.00
1684932926.03	-1.82	2.07	155.53
1684932926.13	-1.82	2.07	155.53
1684932926.23	-1.78	2.12	153.79
1684932926.33	-1.78	2.12	153.79
1684932926.43	-1.74	2.18	152.07
1684932926.53	-1.74	2.18	152.07
1684932926.63	-1.70	2.24	150.39
1684932926.73	-1.70	2.24	150.39
1684932926.83	-1.65	2.29	148.88
1684932926.93	-1.65	2.29	148.88
1684932927.03	-1.61	2.33	147.34
1684932927.13	-1.61	2.33	147.34
1684932927.23	-1.56	2.38	145.71
1684932927.33	-1.56	2.38	145.71
1684932927.43	-1.51	2.43	144.08
1684932927.53	-1.51	2.43	144.08
1684932927.63	-1.46	2.47	142.42
1684932927.73	-1.46	2.47	142.42
1684932927.83	-1.41	2.52	140.67
1684932927.93	-1.41	2.52	140.67
1684932928.03	-1.36	2.56	138.93
1684932928.13	-1.36	2.56	138.93
1684932928.23	-1.30	2.60	136.98
1684932928.33	-1.30	2.60	136.98
1684932928.43	-1.23	2.64	135.04
1684932928.53	-1.23	2.64	135.04
1684932928.63	-1.17	2.68	132.96
1684932928.73	-1.17	2.68	132.96
1684932928.83	-1.10	2.73	130.93
1684932928.93	-1.10	2.73	130.93
1684932929.03	-1.04	2.76	129.01
1684932929.13	-1.04	2.76	129.01
1684932929.23	-0.98	2.78	126.95
1684932929.33	-0.98	2.78	126.95
1684932929.43	-0.90	2.81	125.09
1684932929.53	-0.90	2.81	125.09
1684932929.63	-0.84	2.83	123.14
1684932929.73	-0.84	2.83	123.14
1684932929.83	-0.77	2.85	121.18
1684932929.93	-0.77	2.85	121.18
1684932930.03	-0.71	2.88	119.25
1684932930.13	-0.71	2.88	119.25
1684932930.23	-0.64	2.90	117.46
1684932930.33	-0.64	2.90	117.46
1684932930.43	-0.57	2.93	115.59
1684932930.53	-0.57	2.93	115.59
1684932930.63	-0.50	2.93	113.76
1684932930.73	-0.50	2.93	113.76
1684932930.83	-0.44	2.95	111.88
1684932930.93	-0.44	2.95	111.88
1684932931.03	-0.38	2.96	110.08
1684932931.13	-0.38	2.96	110.08
1684932931.23	-0.31	2.97	108.36
1684932931.33	-0.31	2.97	108.36
1684932931.43	-0.23	2.99	107.03
1684932931.53	-0.23	2.99	107.03
1684932931.63	-0.12	3.02	106.34
1684932931.73	-0.12	3.02	106.34
1684932931.83	-0.01	3.06	106.33
1684932931.93	-0.01	3.06	106.33
1684932932.03	0.09	3.08	106.25
1684932932.13	0.09	3.08	106.25
1684932932.23	0.17	3.12	106.24
1684932932.33	0.17	3.12	106.24
1684932932.43	0.25	3.15	106.29
1684932932.53	0.25	3.15	106.29
1684932932.63	0.37	3.18	106.48
1684932932.73	0.37	3.18	106.48
1684932932.83	0.50	3.22	106.53
1684932932.93	0.50	3.22	106.53
1684932933.03	0.62	3.26	106.58
1684932933.13	0.62	3.26	106.58
1684932933.23	0.73	3.30	106.66
1684932933.33	0.73	3.30	106.66
1684932933.43	0.84	3.34	106.79
1684932933.53	0.84	3.34	106.79
1684932933.63	0.94	3.37	106.82
1684932933.73	0.94	3.37	106.82
1684932933.83	1.03	3.40	106.81
1684932933.93	1.03	3.40	106.81
1684932934.03	1.12	3.44	106.96
1684932934.13	1.12	3.44	106.96
1684932934.23	1.22	3.46	107.04
1684932934.33	1.22	3.46	107.04
1684932934.43	1.32	3.49	107.07
1684932934.53	1.32	3.49	107.07
1684932934.63	1.43	3.52	106.99
1684932934.73	1.43	3.52	106.99
1684932934.83	1.54	3.55	106.92
1684932934.93	1.54	3.55	106.92
1684932935.03	1.64	3.58	106.91
1684932935.13	1.64	3.58	106.91
1684932935.23	1.75	3.60	106.50
1684932935.32	1.75	3.60	106.50
1684932935.42	1.85	3.64	106.27
1684932935.52	1.85	3.64	106.27
1684932935.62	1.96	3.66	105.92
1684932935.72	1.96	3.66	105.92
1684932935.82	2.06	3.70	105.83
1684932935.92	2.06	3.70	105.83
1684932936.02	2.16	3.72	105.32
1684932936.12	2.16	3.72	105.32
1684932936.22	2.27	3.74	104.46
1684932936.32	2.27	3.74	104.46
1684932936.42	2.38	3.79	103.84
1684932936.52	2.38	3.79	103.84
1684932936.62	2.50	3.80	102.88
1684932936.72	2.50	3.80	102.88
1684932936.82	2.60	3.83	101.64
1684932936.92	2.60	3.83	101.64
1684932937.02	2.70	3.83	100.17
1684932937.12	2.70	3.83	100.17
1684932937.22	2.81	3.84	98.52
1684932937.32	2.81	3.84	98.52
1684932937.42	2.92	3.84	96.70
1684932937.52	2.92	3.84	96.70
1684932937.62	3.04	3.85	94.55
1684932937.72	3.04	3.85	94.55
1684932937.82	3.17	3.84	92.18
1684932937.92	3.17	3.84	92.18
1684932938.02	3.31	3.81	90.23
1684932938.12	3.31	3.81	90.23
1684932938.22	3.42	3.80	88.27
1684932938.32	3.42	3.80	88.27
1684932938.42	3.52	3.79	86.30
1684932938.52	3.52	3.79	86.30
1684932938.62	3.64	3.76	84.25
1684932938.72	3.64	3.76	84.25
1684932938.82	3.75	3.74	82.36
1684932938.92	3.75	3.74	82.36
1684932939.02	3.86	3.70	80.35
1684932939.12	3.86	3.70	80.35
1684932939.22	3.97	3.67	78.09
1684932939.32	3.97	3.67	78.09
1684932939.42	4.10	3.63	75.52
1684932939.52	4.10	3.63	75.52
1684932939.62	4.21	3.57	72.95
1684932939.72	4.21	3.57	72.95
1684932939.82	4.32	3.52	70.75
1684932939.92	4.32	3.52	70.75
1684932940.02	4.41	3.47	68.38
1684932940.12	4.41	3.47	68.38
1684932940.22	4.52	3.40	65.96
1684932940.32	4.52	3.40	65.96
1684932940.42	4.62	3.33	63.61
1684932940.52	4.62	3.33	63.61
1684932940.62	4.73	3.26	61.47
1684932940.72	4.73	3.26	61.47
1684932940.82	4.82	3.18	59.25
1684932940.92	4.82	3.18	59.25
1684932941.02	4.91	3.10	56.95
1684932941.12	4.91	3.10	56.95
1684932941.22	5.00	3.03	54.60
1684932941.32	5.00	3.03	54.60
1684932941.42	5.08	2.95	52.28
1684932941.52	5.08	2.95	52.28
1684932941.62	5.14	2.89	50.61
1684932941.72	5.14	2.89	50.61
1684932941.82	5.17	2.85	49.52
1684932941.92	5.17	2.85	49.52
1684932942.02	5.20	2.82	48.50
1684932942.12	5.20	2.82	48.50
1684932942.22	5.24	2.77	46.94
1684932942.32	5.24	2.77	46.94
1684932942.42	5.29	2.71	44.99
1684932942.52	5.29	2.71	44.99
1684932942.62	5.33	2.64	43.05
1684932942.72	5.33	2.64	43.05
1684932942.82	5.37	2.56	41.24
1684932942.92	5.37	2.56	41.24
1684932943.02	5.40	2.49	39.39
1684932943.12	5.40	2.49	39.39
1684932943.22	5.44	2.43	37.44
1684932943.32	5.44	2.43	37.44
1684932943.42	5.48	2.35	35.46
1684932943.52	5.48	2.35	35.46
1684932943.62	5.51	2.28	33.50
1684932943.72	5.51	2.28	33.50
1684932943.82	5.54	2.21	31.64
1684932943.92	5.54	2.21	31.64
1684932944.02	5.58	2.13	29.80
1684932944.12	5.58	2.13	29.80
1684932944.22	5.60	2.04	28.03
1684932944.32	5.60	2.04	28.03
1684932944.42	5.62	1.98	26.12
1684932944.52	5.62	1.98	26.12
1684932944.62	5.64	1.90	24.19
1684932944.72	5.64	1.90	24.19
1684932944.82	5.67	1.81	22.26
1684932944.92	5.67	1.81	22.26
1684932945.02	5.68	1.74	20.25
1684932945.12	5.68	1.74	20.25
1684932945.22	5.69	1.67	18.18
1684932945.31	5.69	1.67	18.18
1684932945.41	5.70	1.59	16.25
1684932945.51	5.70	1.59	16.25
1684932945.61	5.71	1.51	14.32
1684932945.71	5.71	1.51	14.32
1684932945.81	5.72	1.42	12.63
1684932945.91	5.72	1.42	12.63
1684932946.01	5.73	1.30	11.00
1684932946.11	5.73	1.30	11.00
1684932946.21	5.74	1.16	9.09
1684932946.31	5.74	1.16	9.09
1684932946.41	5.74	1.01	7.61
1684932946.51	5.74	1.01	7.61
1684932946.61	5.76	0.88	6.84
1684932946.71	5.76	0.88	6.84
1684932946.81	5.77	0.77	6.88
1684932946.91	5.77	0.77	6.88
1684932947.01	5.79	0.66	6.94
1684932947.11	5.79	0.66	6.94
1684932947.21	5.80	0.58	7.00
1684932947.31	5.80	0.58	7.00
1684932947.41	5.82	0.49	7.03
1684932947.51	5.82	0.49	7.03
1684932947.61	5.83	0.38	7.04
1684932947.71	5.83	0.38	7.04
1684932947.81	5.85	0.25	7.03
1684932947.91	5.85	0.25	7.03
1684932948.01	5.87	0.11	7.11
1684932948.11	5.87	0.11	7.11
1684932948.21	5.88	-0.00	7.18
1684932948.31	5.88	-0.00	7.18
1684932948.41	5.91	-0.14	7.22
1684932948.51	5.91	-0.14	7.22
1684932948.61	5.92	-0.25	7.33
1684932948.71	5.92	-0.25	7.33
1684932948.81	5.94	-0.36	7.42
1684932948.91	5.94	-0.36	7.42
1684932949.01	5.97	-0.48	7.45
1684932949.11	5.97	-0.48	7.45
1684932949.21	5.99	-0.60	7.43
1684932949.31	5.99	-0.60	7.43
1684932949.41	6.01	-0.73	7.48
1684932949.51	6.01	-0.73	7.48
1684932949.61	6.02	-0.85	7.49
1684932949.71	6.02	-0.85	7.49
1684932949.81	6.04	-0.98	7.51
1684932949.91	6.04	-0.98	7.51
1684932950.01	6.06	-1.10	7.55
1684932950.11	6.06	-1.10	7.55
1684932950.21	6.07	-1.21	7.62
1684932950.31	6.07	-1.21	7.62
1684932950.41	6.10	-1.35	7.67
1684932950.51	6.10	-1.35	7.67
1684932950.61	6.13	-1.48	7.82
1684932950.71	6.13	-1.48	7.82
1684932950.81	6.14	-1.61	7.97
1684932950.91	6.14	-1.61	7.97
1684932951.01	6.16	-1.73	8.15
1684932951.11	6.16	-1.73	8.15
1684932951.21	6.19	-1.86	8.29
1684932951.31	6.19	-1.86	8.29
1684932951.41	6.21	-1.99	8.39
1684932951.51	6.21	-1.99	8.39
1684932951.61	6.23	-2.12	8.42
1684932951.71	6.23	-2.12	8.42
1684932951.81	6.26	-2.26	8.49
1684932951.91	6.26	-2.26	8.49
1684932952.01	6.28	-2.37	8.49
1684932952.11	6.28	-2.37	8.49
1684932952.21	6.30	-2.49	8.48
1684932952.31	6.30	-2.49	8.48
1684932952.41	6.32	-2.62	8.50
1684932952.51	6.32	-2.62	8.50
1684932952.61	6.34	-2.75	8.60
1684932952.71	6.34	-2.75	8.60
1684932952.81	6.36	-2.88	8.66
1684932952.91	6.36	-2.88	8.66
1684932953.01	6.39	-3.03	8.72
1684932953.11	6.39	-3.03	8.72
1684932953.21	6.41	-3.17	8.80
1684932953.31	6.41	-3.17	8.80
1684932953.41	6.44	-3.31	8.93
1684932953.51	6.44	-3.31	8.93
1684932953.61	6.46	-3.44	8.97
1684932953.71	6.46	-3.44	8.97
1684932953.81	6.49	-3.56	9.13
1684932953.91	6.49	-3.56	9.13
1684932954.01	6.52	-3.71	9.26
1684932954.11	6.52	-3.71	9.26
1684932954.21	6.54	-3.85	9.37
1684932954.31	6.54	-3.85	9.37
1684932954.41	6.57	-3.97	9.47
1684932954.51	6.57	-3.97	9.47
1684932954.61	6.59	-4.12	9.62
1684932954.71	6.59	-4.12	9.62
1684932954.81	6.62	-4.26	9.79
1684932954.91	6.62	-4.26	9.79
1684932955.01	6.65	-4.39	9.94
1684932955.11	6.65	-4.39	9.94
1684932955.20	6.67	-4.54	10.03
1684932955.30	6.67	-4.54	10.03
1684932955.40	6.70	-4.67	10.04
1684932955.50	6.70	-4.67	10.04
1684932955.60	6.73	-4.79	10.03
1684932955.70	6.73	-4.79	10.03
1684932955.80	6.76	-4.94	9.99
1684932955.90	6.76	-4.94	9.99
1684932956.00	6.78	-5.07	9.96
1684932956.10	6.78	-5.07	9.96
1684932956.20	6.80	-5.21	10.03
1684932956.30	6.80	-5.21	10.03
1684932956.40	6.83	-5.35	10.11
1684932956.50	6.83	-5.35	10.11
1684932956.60	6.85	-5.48	10.27
1684932956.70	6.85	-5.48	10.27
1684932956.80	6.88	-5.62	10.46
1684932956.90	6.88	-5.62	10.46
1684932957.00	6.92	-5.75	10.63
1684932957.10	6.92	-5.75	10.63
1684932957.20	6.94	-5.88	10.82
1684932957.30	6.94	-5.88	10.82
1684932957.40	6.98	-6.02	11.02
1684932957.50	6.98	-6.02	11.02
1684932957.60	7.01	-6.16	11.07
1684932957.70	7.01	-6.16	11.07
1684932957.80	7.04	-6.30	11.13
1684932957.90	7.04	-6.30	11.13
1684932958.00	7.07	-6.45	11.20
1684932958.10	7.07	-6.45	11.20
1684932958.20	7.10	-6.57	11.22
1684932958.30	7.10	-6.57	11.22
1684932958.40	7.13	-6.69	11.22
1684932958.50	7.13	-6.69	11.22
1684932958.60	7.16	-6.82	11.32
1684932958.70	7.16	-6.82	11.32
1684932958.80	7.19	-6.95	11.34
1684932958.90	7.19	-6.95	11.34
1684932959.00	7.22	-7.10	11.40
1684932959.10	7.22	-7.10	11.40
1684932959.20	7.25	-7.25	11.55
1684932959.30	7.25	-7.25	11.55
1684932959.40	7.29	-7.39	11.69
1684932959.50	7.29	-7.39	11.69
1684932959.60	7.31	-7.51	11.56
1684932959.70	7.31	-7.51	11.56
1684932959.80	7.35	-7.64	11.36
1684932959.90	7.35	-7.64	11.36
1684932960.00	7.37	-7.77	11.00
1684932960.10	7.37	-7.77	11.00
1684932960.20	7.39	-7.90	10.68
1684932960.30	7.39	-7.90	10.68
1684932960.40	7.42	-8.03	10.63
1684932960.50	7.42	-8.03	10.63
1684932960.60	7.45	-8.15	10.63
1684932960.70	7.45	-8.15	10.63
1684932960.80	7.47	-8.27	10.68
1684932960.90	7.47	-8.27	10.68
1684932961.00	7.50	-8.40	10.73
1684932961.10	7.50	-8.40	10.73
1684932961.20	7.53	-8.52	10.71
1684932961.30	7.53	-8.52	10.71
1684932961.40	7.55	-8.64	10.72
1684932961.50	7.55	-8.64	10.72
1684932961.60	7.58	-8.76	10.80
1684932961.70	7.58	-8.76	10.80
1684932961.80	7.61	-8.89	10.97
1684932961.90	7.61	-8.89	10.97
1684932962.00	7.63	-9.00	11.01
1684932962.10	7.63	-9.00	11.01
1684932962.20	7.66	-9.13	11.05
1684932962.30	7.66	-9.13	11.05
1684932962.40	7.69	-9.24	11.13
1684932962.50	7.69	-9.24	11.13
1684932962.60	7.72	-9.36	11.21
1684932962.70	7.72	-9.36	11.21
1684932962.80	7.74	-9.49	11.24
1684932962.90	7.74	-9.49	11.24
1684932963.00	7.78	-9.61	11.32
1684932963.10	7.78	-9.61	11.32
1684932963.20	7.80	-9.72	11.43
1684932963.30	7.80	-9.72	11.43
1684932963.40	7.84	-9.85	11.44
1684932963.50	7.84	-9.85	11.44
1684932963.60	7.86	-9.98	11.25
1684932963.70	7.86	-9.98	11.25
1684932963.80	7.88	-10.08	10.76
1684932963.90	7.88	-10.08	10.76
1684932964.00	7.90	-10.20	10.15
1684932964.10	7.90	-10.20	10.15
1684932964.20	7.93	-10.33	9.51
1684932964.30	7.93	-10.33	9.51
1684932964.40	7.93	-10.45	8.92
1684932964.50	7.93	-10.45	8.92
1684932964.60	7.95	-10.57	8.62
1684932964.70	7.95	-10.57	8.62
1684932964.80	7.98	-10.70	8.67
1684932964.90	7.98	-10.70	8.67
1684932965.00	7.99	-10.83	8.76
1684932965.09	7.99	-10.83	8.76
1684932965.19	8.01	-10.93	8.84
1684932965.29	8.01	-10.93	8.84
1684932965.39	8.03	-11.05	9.01
1684932965.49	8.03	-11.05	9.01
1684932965.59	8.05	-11.17	9.11
1684932965.69	8.05	-11.17	9.11
1684932965.79	8.07	-11.27	9.19
1684932965.89	8.07	-11.27	9.19
1684932965.99	8.10	-11.38	9.26
1684932966.09	8.10	-11.38	9.26
1684932966.19	8.13	-11.51	9.39
1684932966.29	8.13	-11.51	9.39
1684932966.39	8.15	-11.64	9.46
1684932966.49	8.15	-11.64	9.46
1684932966.59	8.17	-11.76	9.47
1684932966.69	8.17	-11.76	9.47
1684932966.79	8.19	-11.86	9.50
1684932966.89	8.19	-11.86	9.50
1684932966.99	8.21	-11.97	9.55
1684932967.09	8.21	-11.97	9.55
1684932967.19	8.23	-12.09	9.64
1684932967.29	8.23	-12.09	9.64
1684932967.39	8.25	-12.20	9.69
1684932967.49	8.25	-12.20	9.69
1684932967.59	8.28	-12.33	9.73
1684932967.69	8.28	-12.33	9.73
1684932967.79	8.30	-12.43	9.79
1684932967.89	8.30	-12.43	9.79
1684932967.99	8.32	-12.53	9.81
1684932968.09	8.32	-12.53	9.81
1684932968.19	8.34	-12.64	9.81
1684932968.29	8.34	-12.64	9.81
1684932968.39	8.36	-12.76	9.89
1684932968.49	8.36	-12.76	9.89
1684932968.59	8.38	-12.88	9.62
1684932968.69	8.38	-12.88	9.62
1684932968.79	8.40	-12.99	9.61
1684932968.89	8.40	-12.99	9.61
1684932968.99	8.43	-13.10	9.64
1684932969.09	8.43	-13.10	9.64
1684932969.19	8.45	-13.22	9.50
1684932969.29	8.45	-13.22	9.50
1684932969.39	8.46	-13.33	9.31
1684932969.49	8.46	-13.33	9.31
1684932969.59	8.49	-13.47	9.13
1684932969.69	8.49	-13.47	9.13
1684932969.79	8.51	-13.60	9.06
1684932969.89	8.51	-13.60	9.06
1684932969.99	8.53	-13.71	9.04
1684932970.09	8.53	-13.71	9.04
1684932970.19	8.55	-13.83	9.13
1684932970.29	8.55	-13.83	9.13
1684932970.39	8.57	-13.94	9.22
1684932970.49	8.57	-13.94	9.22
1684932970.59	8.59	-14.06	9.34
1684932970.69	8.59	-14.06	9.34
1684932970.79	8.62	-14.16	9.38
1684932970.89	8.62	-14.16	9.38
1684932970.99	8.64	-14.28	9.46
1684932971.09	8.64	-14.28	9.46
1684932971.19	8.66	-14.38	9.45
1684932971.29	8.66	-14.38	9.45
1684932971.39	8.68	-14.49	9.46
1684932971.49	8.68	-14.49	9.46
1684932971.59	8.70	-14.60	9.45
1684932971.69	8.70	-14.60	9.45
1684932971.79	8.73	-14.71	9.43
1684932971.89	8.73	-14.71	9.43
1684932971.99	8.75	-14.82	9.45
1684932972.09	8.75	-14.82	9.45
1684932972.19	8.77	-14.95	9.41
1684932972.29	8.77	-14.95	9.41
1684932972.39	8.79	-15.07	9.42
1684932972.49	8.79	-15.07	9.42
1684932972.59	8.81	-15.16	9.45
1684932972.69	8.81	-15.16	9.45
1684932972.79	8.83	-15.26	9.55
1684932972.89	8.83	-15.26	9.55
1684932972.99	8.85	-15.37	9.54
1684932973.09	8.85	-15.37	9.54
1684932973.19	8.87	-15.48	9.61
1684932973.29	8.87	-15.48	9.61
1684932973.39	8.89	-15.58	9.66
1684932973.49	8.89	-15.58	9.66
1684932973.59	8.91	-15.69	9.74
1684932973.69	8.91	-15.69	9.74
1684932973.79	8.93	-15.80	9.78
1684932973.89	8.93	-15.80	9.78
1684932973.99	8.96	-15.93	9.80
1684932974.09	8.96	-15.93	9.80
1684932974.19	8.98	-16.03	9.89
1684932974.29	8.98	-16.03	9.89
1684932974.39	9.00	-16.15	9.90
1684932974.49	9.00	-16.15	9.90
1684932974.59	9.03	-16.28	9.98
1684932974.69	9.03	-16.28	9.98
1684932974.79	9.06	-16.40	10.09
1684932974.89	9.06	-16.40	10.09
1684932974.99	9.08	-16.53	10.17
1684932975.09	9.08	-16.53	10.17
1684932975.18	9.11	-16.67	10.21
1684932975.28	9.11	-16.67	10.21
1684932975.38	9.13	-16.77	10.28
1684932975.48	9.13	-16.77	10.28
1684932975.58	9.16	-16.90	10.38
1684932975.68	9.16	-16.90	10.38
1684932975.78	9.19	-17.02	10.38
1684932975.88	9.19	-17.02	10.38
1684932975.98	9.21	-17.14	10.40
1684932976.08	9.21	-17.14	10.40
1684932976.18	9.24	-17.26	10.53
1684932976.28	9.24	-17.26	10.53
1684932976.38	9.27	-17.39	10.59
1684932976.48	9.27	-17.39	10.59
1684932976.58	9.29	-17.52	10.61
1684932976.68	9.29	-17.52	10.61
1684932976.78	9.33	-17.65	10.74
1684932976.88	9.33	-17.65	10.74
1684932976.98	9.36	-17.79	10.75
1684932977.08	9.36	-17.79	10.75
1684932977.18	9.38	-17.92	10.84
1684932977.28	9.38	-17.92	10.84
1684932977.38	9.41	-18.05	10.91
1684932977.48	9.41	-18.05	10.91
1684932977.58	9.44	-18.18	10.91
1684932977.68	9.44	-18.18	10.91
1684932977.78	9.46	-18.30	10.98
1684932977.88	9.46	-18.30	10.98
1684932977.98	9.49	-18.42	11.09
1684932978.08	9.49	-18.42	11.09
1684932978.18	9.53	-18.57	11.16
1684932978.28	9.53	-18.57	11.16
1684932978.38	9.55	-18.69	11.25
1684932978.48	9.55	-18.69	11.25
1684932978.58	9.58	-18.80	11.37
1684932978.68	9.58	-18.80	11.37
1684932978.78	9.61	-18.94	11.38
1684932978.88	9.61	-18.94	11.38
1684932978.98	9.64	-19.08	11.39
1684932979.08	9.64	-19.08	11.39
1684932979.18	9.66	-19.20	11.46
1684932979.28	9.66	-19.20	11.46
1684932979.38	9.69	-19.31	11.57
1684932979.48	9.69	-19.31	11.57
1684932979.58	9.72	-19.45	11.59
1684932979.68	9.72	-19.45	11.59
1684932979.78	9.74	-19.56	11.66
1684932979.88	9.74	-19.56	11.66
1684932979.98	9.76	-19.68	11.78
1684932980.08	9.76	-19.68	11.78
1684932980.18	9.80	-19.80	11.80
1684932980.28	9.80	-19.80	11.80
1684932980.38	9.82	-19.91	11.82
1684932980.48	9.82	-19.91	11.82
1684932980.58	9.85	-20.03	11.92
1684932980.68	9.85	-20.03	11.92
1684932980.78	9.89	-20.16	11.93
1684932980.88	9.89	-20.16	11.93
1684932980.98	9.91	-20.27	11.95
1684932981.08	9.91	-20.27	11.95
1684932981.18	9.93	-20.38	12.00
1684932981.28	9.93	-20.38	12.00
1684932981.38	9.96	-20.52	12.04
1684932981.48	9.96	-20.52	12.04
1684932981.58	9.99	-20.65	12.09
1684932981.68	9.99	-20.65	12.09
1684932981.78	10.02	-20.78	12.22
1684932981.88	10.02	-20.78	12.22
1684932981.98	10.06	-20.92	12.23
1684932982.08	10.06	-20.92	12.23
1684932982.18	10.09	-21.05	12.01
1684932982.28	10.09	-21.05	12.01
1684932982.38	10.12	-21.17	11.85
1684932982.48	10.12	-21.17	11.85
1684932982.58	10.14	-21.31	11.71
1684932982.68	10.14	-21.31	11.71
1684932982.78	10.18	-21.42	11.62
1684932982.88	10.18	-21.42	11.62
1684932982.98	10.20	-21.53	11.46
1684932983.08	10.20	-21.53	11.46
1684932983.18	10.23	-21.67	11.39
1684932983.28	10.23	-21.67	11.39
1684932983.38	10.26	-21.80	11.18
1684932983.48	10.26	-21.80	11.18
1684932983.58	10.29	-21.92	11.10
1684932983.68	10.29	-21.92	11.10
1684932983.78	10.31	-22.04	11.01
1684932983.88	10.31	-22.04	11.01
1684932983.98	10.34	-22.16	10.93
1684932984.08	10.34	-22.16	10.93
1684932984.18	10.35	-22.26	10.69
1684932984.28	10.35	-22.26	10.69
1684932984.38	10.37	-22.39	10.36
1684932984.48	10.37	-22.39	10.36
1684932984.58	10.40	-22.52	9.97
1684932984.68	10.40	-22.52	9.97
1684932984.78	10.41	-22.65	9.52
1684932984.88	10.41	-22.65	9.52
1684932984.97	10.43	-22.75	8.92
1684932985.07	10.43	-22.75	8.92
1684932985.17	10.45	-22.88	8.31
1684932985.27	10.45	-22.88	8.31
1684932985.37	10.47	-23.01	7.64
1684932985.47	10.47	-23.01	7.64
1684932985.57	10.48	-23.12	6.99
1684932985.67	10.48	-23.12	6.99
1684932985.77	10.49	-23.25	6.37
1684932985.87	10.49	-23.25	6.37
1684932985.97	10.49	-23.36	5.44
1684932986.07	10.49	-23.36	5.44
1684932986.17	10.51	-23.50	4.37
1684932986.27	10.51	-23.50	4.37
1684932986.37	10.51	-23.62	3.13
1684932986.47	10.51	-23.62	3.13
1684932986.57	10.51	-23.73	1.91
1684932986.67	10.51	-23.73	1.91
1684932986.77	10.50	-23.86	0.58
1684932986.87	10.50	-23.86	0.58
1684932986.97	10.50	-23.99	-0.87
1684932987.07	10.50	-23.99	-0.87
1684932987.17	10.49	-24.12	-2.47
1684932987.27	10.49	-24.12	-2.47
1684932987.37	10.47	-24.25	-4.18
1684932987.47	10.47	-24.25	-4.18
1684932987.57	10.45	-24.39	-5.66
1684932987.67	10.45	-24.39	-5.66
1684932987.77	10.42	-24.52	-7.21
1684932987.87	10.42	-24.52	-7.21
1684932987.97	10.38	-24.65	-8.79
1684932988.07	10.38	-24.65	-8.79
1684932988.17	10.35	-24.79	-10.60
1684932988.27	10.35	-24.79	-10.60
1684932988.37	10.31	-24.92	-12.49
1684932988.47	10.31	-24.92	-12.49
1684932988.57	10.26	-25.05	-14.45
1684932988.67	10.26	-25.05	-14.45
1684932988.77	10.22	-25.18	-16.39
1684932988.87	10.22	-25.18	-16.39
1684932988.97	10.17	-25.31	-18.59
1684932989.07	10.17	-25.31	-18.59
1684932989.17	10.11	-25.43	-21.34
1684932989.27	10.11	-25.43	-21.34
1684932989.37	10.05	-25.50	-23.50
1684932989.47	10.05	-25.50	-23.50
1684932989.57	10.02	-25.54	-25.01
1684932989.67	10.02	-25.54	-25.01
1684932989.77	9.99	-25.58	-26.32
1684932989.87	9.99	-25.58	-26.32
1684932989.97	9.96	-25.64	-28.21
1684932990.07	9.96	-25.64	-28.21
1684932990.17	9.90	-25.71	-30.62
1684932990.27	9.90	-25.71	-30.62
1684932990.37	9.83	-25.79	-33.10
1684932990.47	9.83	-25.79	-33.10
1684932990.57	9.76	-25.85	-35.48
1684932990.67	9.76	-25.85	-35.48
1684932990.77	9.69	-25.91	-37.48
1684932990.87	9.69	-25.91	-37.48
1684932990.97	9.63	-25.96	-39.36
1684932991.07	9.63	-25.96	-39.36
1684932991.17	9.57	-26.02	-41.25
1684932991.27	9.57	-26.02	-41.25
1684932991.37	9.51	-26.06	-43.15
1684932991.47	9.51	-26.06	-43.15
1684932991.57	9.44	-26.12	-45.14
1684932991.67	9.44	-26.12	-45.14
1684932991.77	9.36	-26.15	-47.23
1684932991.87	9.36	-26.15	-47.23
1684932991.97	9.28	-26.19	-49.36
1684932992.07	9.28	-26.19	-49.36
1684932992.17	9.21	-26.23	-51.61
1684932992.27	9.21	-26.23	-51.61
1684932992.37	9.13	-26.27	-53.77
1684932992.47	9.13	-26.27	-53.77
1684932992.57	9.05	-26.31	-55.93
1684932992.67	9.05	-26.31	-55.93
1684932992.77	8.97	-26.35	-58.14
1684932992.87	8.97	-26.35	-58.14
1684932992.97	8.88	-26.37	-60.14
1684932993.07	8.88	-26.37	-60.14
1684932993.17	8.80	-26.40	-62.23
1684932993.27	8.80	-26.40	-62.23
1684932993.37	8.73	-26.42	-64.45
1684932993.47	8.73	-26.42	-64.45
1684932993.57	8.63	-26.44	-66.65
1684932993.67	8.63	-26.44	-66.65
1684932993.77	8.55	-26.46	-68.93
1684932993.87	8.55	-26.46	-68.93
1684932993.97	8.47	-26.48	-71.01
1684932994.07	8.47	-26.48	-71.01
1684932994.17	8.35	-26.49	-73.12
1684932994.27	8.35	-26.49	-73.12
1684932994.37	8.28	-26.50	-75.26
1684932994.47	8.28	-26.50	-75.26
1684932994.57	8.19	-26.49	-77.27
1684932994.67	8.19	-26.49	-77.27
1684932994.77	8.10	-26.49	-79.33
1684932994.87	8.10	-26.49	-79.33
1684932994.97	8.02	-26.49	-81.42
1684932995.06	8.02	-26.49	-81.42
1684932995.16	7.87	-26.49	-83.92
1684932995.26	7.87	-26.49	-83.92
1684932995.36	7.70	-26.50	-86.14
1684932995.46	7.70	-26.50	-86.14
1684932995.56	7.56	-26.51	-86.73
1684932995.66	7.56	-26.51	-86.73
1684932995.76	7.43	-26.51	-86.58
1684932995.86	7.43	-26.51	-86.58
1684932995.96	7.32	-26.52	-86.42
1684932996.06	7.32	-26.52	-86.42
1684932996.16	7.18	-26.54	-86.45
1684932996.26	7.18	-26.54	-86.45
1684932996.36	7.04	-26.55	-86.44
1684932996.46	7.04	-26.55	-86.44
1684932996.56	6.90	-26.55	-86.39
1684932996.66	6.90	-26.55	-86.39
1684932996.76	6.76	-26.57	-86.39
1684932996.86	6.76	-26.57	-86.39
1684932996.96	6.61	-26.59	-86.04
1684932997.06	6.61	-26.59	-86.04
1684932997.16	6.48	-26.61	-85.29
1684932997.26	6.48	-26.61	-85.29
1684932997.36	6.34	-26.63	-84.56
1684932997.46	6.34	-26.63	-84.56
1684932997.56	6.19	-26.65	-83.95
1684932997.66	6.19	-26.65	-83.95
1684932997.76	6.05	-26.68	-83.29
1684932997.86	6.05	-26.68	-83.29
1684932997.96	5.91	-26.71	-82.76
1684932998.06	5.91	-26.71	-82.76
1684932998.16	5.74	-26.74	-82.10
1684932998.26	5.74	-26.74	-82.10
1684932998.36	5.60	-26.77	-81.79
1684932998.46	5.60	-26.77	-81.79
1684932998.56	5.44	-26.80	-81.35
1684932998.66	5.44	-26.80	-81.35
1684932998.76	5.28	-26.83	-80.73
1684932998.86	5.28	-26.83	-80.73
1684932998.96	5.12	-26.86	-80.50
1684932999.06	5.12	-26.86	-80.50
1684932999.16	4.97	-26.90	-80.06
1684932999.26	4.97	-26.90	-80.06
1684932999.36	4.80	-26.93	-79.78
1684932999.46	4.80	-26.93	-79.78
1684932999.56	4.63	-26.98	-79.56
1684932999.66	4.63	-26.98	-79.56
1684932999.76	4.45	-27.01	-79.21
1684932999.86	4.45	-27.01	-79.21
1684932999.96	4.29	-27.06	-78.96
1684933000.06	4.29	-27.06	-78.96
1684933000.16	4.13	-27.10	-78.59
1684933000.26	4.13	-27.10	-78.59
1684933000.36	3.96	-27.13	-78.30
1684933000.46	3.96	-27.13	-78.30
1684933000.56	3.81	-27.17	-78.45
1684933000.66	3.81	-27.17	-78.45
1684933000.76	3.64	-27.20	-78.29
1684933000.86	3.64	-27.20	-78.29
1684933000.96	3.48	-27.25	-77.76
1684933001.06	3.48	-27.25	-77.76
1684933001.16	3.31	-27.29	-77.83
1684933001.26	3.31	-27.29	-77.83
1684933001.36	3.14	-27.33	-78.34
1684933001.46	3.14	-27.33	-78.34
1684933001.56	2.98	-27.34	-79.87
1684933001.66	2.98	-27.34	-79.87
1684933001.76	2.83	-27.33	-81.85
1684933001.86	2.83	-27.33	-81.85
1684933001.96	2.67	-27.33	-83.97
1684933002.06	2.67	-27.33	-83.97
1684933002.16	2.50	-27.32	-86.62
1684933002.26	2.50	-27.32	-86.62
1684933002.36	2.33	-27.31	-88.82
1684933002.46	2.33	-27.31	-88.82
1684933002.56	2.17	-27.29	-91.32
1684933002.66	2.17	-27.29	-91.32
1684933002.76	2.01	-27.27	-93.59
1684933002.86	2.01	-27.27	-93.59
1684933002.96	1.85	-27.24	-95.79
1684933003.06	1.85	-27.24	-95.79
1684933003.16	1.71	-27.12	-99.29
1684933003.26	1.71	-27.12	-99.29
1684933003.36	1.57	-27.08	-101.27
1684933003.46	1.57	-27.08	-101.27
1684933003.56	1.43	-27.03	-103.39
1684933003.66	1.43	-27.03	-103.39
1684933003.76	1.28	-26.98	-105.71
1684933003.86	1.28	-26.98	-105.71
1684933003.96	1.15	-26.92	-108.04
1684933004.06	1.15	-26.92	-108.04
1684933004.16	1.02	-26.86	-110.16
1684933004.26	1.02	-26.86	-110.16
1684933004.36	0.91	-26.80	-112.57
1684933004.46	0.91	-26.80	-112.57
1684933004.56	0.79	-26.73	-115.35
1684933004.66	0.79	-26.73	-115.35
1684933004.76	0.68	-26.64	-118.85
1684933004.86	0.68	-26.64	-118.85
1684933004.96	0.60	-26.58	-121.44
1684933005.05	0.60	-26.58	-121.44
1684933005.15	0.55	-26.53	-123.35
1684933005.25	0.55	-26.53	-123.35
1684933005.35	0.52	-26.50	-125.10
1684933005.45	0.52	-26.50	-125.10
1684933005.55	0.49	-26.44	-127.46
1684933005.65	0.49	-26.44	-127.46
1684933005.75	0.44	-26.36	-130.60
1684933005.85	0.44	-26.36	-130.60
1684933005.95	0.39	-26.29	-133.94
1684933006.05	0.39	-26.29	-133.94
1684933006.15	0.35	-26.21	-137.01
1684933006.25	0.35	-26.21	-137.01
1684933006.35	0.31	-26.14	-139.72
1684933006.45	0.31	-26.14	-139.72
1684933006.55	0.29	-26.07	-142.69
1684933006.65	0.29	-26.07	-142.69
1684933006.75	0.26	-25.99	-145.60
1684933006.85	0.26	-25.99	-145.60
1684933006.95	0.24	-25.91	-148.68
1684933007.05	0.24	-25.91	-148.68
1684933007.15	0.21	-25.83	-151.62
1684933007.25	0.21	-25.83	-151.62
1684933007.35	0.19	-25.76	-154.23
1684933007.45	0.19	-25.76	-154.23
1684933007.55	0.18	-25.70	-155.93
1684933007.65	0.18	-25.70	-155.93
1684933007.75	0.16	-25.65	-157.26
1684933007.85	0.16	-25.65	-157.26
1684933007.95	0.15	-25.59	-158.79
1684933008.05	0.15	-25.59	-158.79
1684933008.15	0.15	-25.53	-160.42
1684933008.25	0.15	-25.53	-160.42
1684933008.35	0.14	-25.46	-162.04
1684933008.45	0.14	-25.46	-162.04
1684933008.55	0.14	-25.40	-163.77
1684933008.65	0.14	-25.40	-163.77
1684933008.75	0.13	-25.33	-165.50
1684933008.85	0.13	-25.33	-165.50
1684933008.95	0.13	-25.27	-167.09
1684933009.05	0.13	-25.27	-167.09
1684933009.15	0.13	-25.20	-168.99
1684933009.25	0.13	-25.20	-168.99
1684933009.35	0.13	-25.13	-170.85
1684933009.45	0.13	-25.13	-170.85
1684933009.55	0.13	-25.08	-172.37
1684933009.65	0.13	-25.08	-172.37
1684933009.75	0.14	-25.04	-173.77
1684933009.85	0.14	-25.04	-173.77
1684933009.95	0.14	-24.99	-174.93
1684933010.05	0.14	-24.99	-174.93
1684933010.15	0.14	-24.95	-176.14
1684933010.25	0.14	-24.95	-176.14
1684933010.35	0.14	-24.89	-177.43
1684933010.45	0.14	-24.89	-177.43
1684933010.55	0.15	-24.81	-178.73
1684933010.65	0.15	-24.81	-178.73
1684933010.75	0.16	-24.74	-179.62
1684933010.85	0.16	-24.74	-179.62
1684933010.95	0.17	-24.71	-179.85
1684933011.05	0.17	-24.71	-179.85
1684933011.15	0.17	-24.70	-179.83
1684933011.25	0.17	-24.70	-179.83
1684933011.35	0.17	-24.64	-179.79
1684933011.45	0.17	-24.64	-179.79
1684933011.55	0.16	-24.54	-179.69
1684933011.65	0.16	-24.54	-179.69
1684933011.75	0.16	-24.44	-179.63
1684933011.85	0.16	-24.44	-179.63
1684933011.95	0.16	-24.37	-179.59
1684933012.05	0.16	-24.37	-179.59
1684933012.15	0.15	-24.27	-179.56
1684933012.25	0.15	-24.27	-179.56
1684933012.35	0.16	-24.16	-179.62
1684933012.45	0.16	-24.16	-179.62
1684933012.55	0.15	-24.06	-179.54
1684933012.65	0.15	-24.06	-179.54
1684933012.75	0.14	-23.94	-179.29
1684933012.85	0.14	-23.94	-179.29
1684933012.95	0.14	-23.83	-179.05
1684933013.05	0.14	-23.83	-179.05
1684933013.15	0.14	-23.72	-178.85
1684933013.25	0.14	-23.72	-178.85
1684933013.35	0.13	-23.62	-178.56
1684933013.45	0.13	-23.62	-178.56
1684933013.55	0.13	-23.51	-178.32
1684933013.65	0.13	-23.51	-178.32
1684933013.75	0.11	-23.40	-178.04
1684933013.85	0.11	-23.40	-178.04
1684933013.95	0.10	-23.29	-177.80
1684933014.05	0.10	-23.29	-177.80
1684933014.15	0.10	-23.19	-177.61
1684933014.25	0.10	-23.19	-177.61
1684933014.35	0.09	-23.07	-177.46
1684933014.45	0.09	-23.07	-177.46
1684933014.55	0.08	-22.96	-177.12
1684933014.65	0.08	-22.96	-177.12
1684933014.75	0.07	-22.85	-176.71
1684933014.85	0.07	-22.85	-176.71
1684933014.94	0.06	-22.75	-176.24
1684933015.04	0.06	-22.75	-176.24
1684933015.14	0.05	-22.65	-175.67
1684933015.24	0.05	-22.65	-175.67
1684933015.34	0.03	-22.53	-175.13
1684933015.44	0.03	-22.53	-175.13
1684933015.54	0.01	-22.43	-174.62
1684933015.64	0.01	-22.43	-174.62
1684933015.74	-0.00	-22.31	-174.43
1684933015.84	-0.00	-22.31	-174.43
1684933015.94	-0.01	-22.19	-174.30
1684933016.04	-0.01	-22.19	-174.30
1684933016.14	-0.03	-22.08	-174.09
1684933016.24	-0.03	-22.08	-174.09
1684933016.34	-0.05	-21.96	-173.79
1684933016.44	-0.05	-21.96	-173.79
1684933016.54	-0.07	-21.82	-173.58
1684933016.64	-0.07	-21.82	-173.58
1684933016.74	-0.09	-21.70	-173.45
1684933016.84	-0.09	-21.70	-173.45
1684933016.94	-0.10	-21.59	-173.23
1684933017.04	-0.10	-21.59	-173.23
1684933017.14	-0.12	-21.46	-173.05
1684933017.24	-0.12	-21.46	-173.05
1684933017.34	-0.13	-21.34	-172.91
1684933017.44	-0.13	-21.34	-172.91
1684933017.54	-0.16	-21.22	-172.63
1684933017.64	-0.16	-21.22	-172.63
1684933017.74	-0.19	-21.12	-172.04
1684933017.84	-0.19	-21.12	-172.04
1684933017.94	-0.21	-21.00	-171.76
1684933018.04	-0.21	-21.00	-171.76
1684933018.14	-0.23	-20.89	-171.51
1684933018.24	-0.23	-20.89	-171.51
1684933018.34	-0.25	-20.78	-171.57
1684933018.44	-0.25	-20.78	-171.57
1684933018.54	-0.28	-20.68	-171.27
1684933018.64	-0.28	-20.68	-171.27
1684933018.74	-0.31	-20.57	-170.94
1684933018.84	-0.31	-20.57	-170.94
1684933018.94	-0.33	-20.43	-170.62
1684933019.04	-0.33	-20.43	-170.62
1684933019.14	-0.35	-20.31	-170.37
1684933019.24	-0.35	-20.31	-170.37
1684933019.34	-0.37	-20.20	-169.97
1684933019.44	-0.37	-20.20	-169.97
1684933019.54	-0.39	-20.07	-169.79
1684933019.64	-0.39	-20.07	-169.79
1684933019.74	-0.42	-19.96	-169.36
1684933019.84	-0.42	-19.96	-169.36
1684933019.94	-0.44	-19.86	-169.32
1684933020.04	-0.44	-19.86	-169.32
1684933020.14	-0.47	-19.74	-169.40
1684933020.24	-0.47	-19.74	-169.40
1684933020.34	-0.50	-19.61	-169.18
1684933020.44	-0.50	-19.61	-169.18
1684933020.54	-0.53	-19.51	-168.86
1684933020.64	-0.53	-19.51	-168.86
1684933020.74	-0.56	-19.37	-168.63
1684933020.84	-0.56	-19.37	-168.63
1684933020.94	-0.59	-19.23	-168.51
1684933021.04	-0.59	-19.23	-168.51
1684933021.14	-0.61	-19.12	-168.31
1684933021.24	-0.61	-19.12	-168.31
1684933021.34	-0.64	-19.02	-168.47
1684933021.44	-0.64	-19.02	-168.47
1684933021.54	-0.66	-18.89	-168.85
1684933021.64	-0.66	-18.89	-168.85
1684933021.74	-0.68	-18.78	-170.13
1684933021.84	-0.68	-18.78	-170.13
1684933021.94	-0.67	-18.67	-172.40
1684933022.04	-0.67	-18.67	-172.40
1684933022.14	-0.65	-18.56	-174.86
1684933022.24	-0.65	-18.56	-174.86
1684933022.34	-0.66	-18.48	-176.59
1684933022.44	-0.66	-18.48	-176.59
1684933022.54	-0.65	-18.45	-177.92
1684933022.64	-0.65	-18.45	-177.92
1684933022.74	-0.65	-18.39	-179.15
1684933022.84	-0.65	-18.39	-179.15
1684933022.94	-0.63	-18.34	179.30
1684933023.04	-0.63	-18.34	179.30
1684933023.14	-0.61	-18.28	177.15
1684933023.24	-0.61	-18.28	177.15
1684933023.34	-0.59	-18.21	174.88
1684933023.44	-0.59	-18.21	174.88
1684933023.54	-0.56	-18.15	172.70
1684933023.64	-0.56	-18.15	172.70
1684933023.74	-0.54	-18.07	170.76
1684933023.84	-0.54	-18.07	170.76
1684933023.94	-0.51	-18.00	168.85
1684933024.04	-0.51	-18.00	168.85
1684933024.14	-0.48	-17.94	166.95
1684933024.24	-0.48	-17.94	166.95
1684933024.34	-0.45	-17.87	165.26
1684933024.44	-0.45	-17.87	165.26
1684933024.54	-0.42	-17.82	163.61
1684933024.64	-0.42	-17.82	163.61
1684933024.74	-0.40	-17.75	161.69
1684933024.84	-0.40	-17.75	161.69
1684933024.94	-0.36	-17.68	159.65
1684933025.04	-0.36	-17.68	159.65
1684933025.13	-0.32	-17.62	157.57
1684933025.23	-0.32	-17.62	157.57
1684933025.33	-0.28	-17.56	155.67
1684933025.43	-0.28	-17.56	155.67
1684933025.53	-0.24	-17.50	154.14
1684933025.63	-0.24	-17.50	154.14
1684933025.73	-0.19	-17.44	152.34
1684933025.83	-0.19	-17.44	152.34
1684933025.93	-0.11	-17.35	149.90
1684933026.03	-0.11	-17.35	149.90
1684933026.13	-0.03	-17.25	147.68
1684933026.23	-0.03	-17.25	147.68
1684933026.33	0.03	-17.17	145.92
1684933026.43	0.03	-17.17	145.92
1684933026.53	0.09	-17.09	144.38
1684933026.63	0.09	-17.09	144.38
1684933026.73	0.14	-17.02	143.43
1684933026.83	0.14	-17.02	143.43
1684933026.93	0.20	-16.97	143.13
1684933027.03	0.20	-16.97	143.13
1684933027.13	0.25	-16.93	142.66
1684933027.23	0.25	-16.93	142.66
1684933027.33	0.29	-16.88	142.57
1684933027.43	0.29	-16.88	142.57
1684933027.53	0.34	-16.82	142.55
1684933027.63	0.34	-16.82	142.55
1684933027.73	0.39	-16.75	142.58
1684933027.83	0.39	-16.75	142.58
1684933027.93	0.42	-16.71	142.68
1684933028.03	0.42	-16.71	142.68
1684933028.13	0.46	-16.65	143.10
1684933028.23	0.46	-16.65	143.10
1684933028.33	0.51	-16.58	143.50
1684933028.43	0.51	-16.58	143.50
1684933028.53	0.54	-16.54	144.09
1684933028.63	0.54	-16.54	144.09
1684933028.73	0.57	-16.47	144.78
1684933028.83	0.57	-16.47	144.78
1684933028.93	0.61	-16.42	145.81
1684933029.03	0.61	-16.42	145.81
1684933029.13	0.64	-16.39	147.31
1684933029.23	0.64	-16.39	147.31
1684933029.33	0.68	-16.34	148.28
1684933029.43	0.68	-16.34	148.28
1684933029.53	0.69	-16.28	148.81
1684933029.63	0.69	-16.28	148.81
1684933029.73	0.71	-16.23	149.47
1684933029.83	0.71	-16.23	149.47
1684933029.93	0.74	-16.17	150.31
1684933030.03	0.74	-16.17	150.31
1684933030.13	0.75	-16.13	151.21
1684933030.23	0.75	-16.13	151.21
1684933030.33	0.78	-16.08	152.01
1684933030.43	0.78	-16.08	152.01
1684933030.53	0.80	-16.05	152.76
1684933030.63	0.80	-16.05	152.76
1684933030.73	0.83	-15.99	153.31
1684933030.83	0.83	-15.99	153.31
1684933030.93	0.83	-15.93	154.04
1684933031.03	0.83	-15.93	154.04
1684933031.13	0.85	-15.85	154.97
1684933031.23	0.85	-15.85	154.97
1684933031.33	0.86	-15.79	155.73
1684933031.43	0.86	-15.79	155.73
1684933031.53	0.89	-15.74	156.35
1684933031.63	0.89	-15.74	156.35
1684933031.73	0.90	-15.69	156.87
1684933031.83	0.90	-15.69	156.87
1684933031.93	0.91	-15.63	157.23
1684933032.03	0.91	-15.63	157.23
1684933032.13	0.92	-15.61	157.26
1684933032.23	0.92	-15.61	157.26
1684933032.33	0.93	-15.62	157.36
1684933032.43	0.93	-15.62	157.36
1684933032.53	0.93	-15.61	157.40
1684933032.63	0.93	-15.61	157.40
1684933032.73	0.96	-15.54	157.47
1684933032.83	0.96	-15.54	157.47
1684933032.93	0.98	-15.46	157.56
1684933033.03	0.98	-15.46	157.56
1684933033.13	1.01	-15.38	157.78
1684933033.23	1.01	-15.38	157.78
1684933033.33	1.02	-15.33	157.87
1684933033.43	1.02	-15.33	157.87
1684933033.53	1.04	-15.28	157.83
1684933033.63	1.04	-15.28	157.83
1684933033.73	1.06	-15.25	157.88
1684933033.83	1.06	-15.25	157.88
1684933033.93	1.08	-15.19	158.01
1684933034.03	1.08	-15.19	158.01
1684933034.13	1.10	-15.13	158.13
1684933034.23	1.10	-15.13	158.13
1684933034.33	1.13	-15.08	158.21
1684933034.43	1.13	-15.08	158.21
1684933034.53	1.14	-15.02	158.26
1684933034.63	1.14	-15.02	158.26
1684933034.73	1.16	-14.97	158.29
1684933034.83	1.16	-14.97	158.29
1684933034.93	1.18	-14.90	158.22
1684933035.03	1.18	-14.90	158.22
1684933035.13	1.18	-14.85	158.39
1684933035.23	1.18	-14.85	158.39
1684933035.33	1.20	-14.80	158.46
1684933035.43	1.20	-14.80	158.46
1684933035.53	1.23	-14.75	158.58
1684933035.63	1.23	-14.75	158.58
1684933035.72	1.25	-14.71	158.60
1684933035.82	1.25	-14.71	158.60
1684933035.92	1.27	-14.66	158.76
1684933036.02	1.27	-14.66	158.76
1684933036.12	1.28	-14.59	158.80
1684933036.22	1.28	-14.59	158.80
1684933036.32	1.31	-14.53	158.92
1684933036.42	1.31	-14.53	158.92
1684933036.52	1.32	-14.47	159.05
1684933036.62	1.32	-14.47	159.05
1684933036.72	1.34	-14.42	158.87
1684933036.82	1.34	-14.42	158.87
1684933036.92	1.36	-14.36	158.68
1684933037.02	1.36	-14.36	158.68
1684933037.12	1.40	-14.31	158.37
1684933037.22	1.40	-14.31	158.37
1684933037.32	1.42	-14.25	158.28
1684933037.42	1.42	-14.25	158.28
1684933037.52	1.44	-14.20	158.06
1684933037.62	1.44	-14.20	158.06
1684933037.72	1.47	-14.15	157.56
1684933037.82	1.47	-14.15	157.56
1684933037.92	1.50	-14.09	157.03
1684933038.02	1.50	-14.09	157.03
1684933038.12	1.52	-14.04	156.55
1684933038.22	1.52	-14.04	156.55
1684933038.32	1.54	-13.99	155.96
1684933038.42	1.54	-13.99	155.96
1684933038.52	1.58	-13.94	155.11
1684933038.62	1.58	-13.94	155.11
1684933038.72	1.59	-13.89	154.37
1684933038.82	1.59	-13.89	154.37
1684933038.92	1.62	-13.83	153.66
1684933039.02	1.62	-13.83	153.66
1684933039.12	1.65	-13.78	152.90
1684933039.22	1.65	-13.78	152.90
1684933039.32	1.68	-13.74	152.17
1684933039.42	1.68	-13.74	152.17
1684933039.52	1.71	-13.68	151.43
1684933039.62	1.71	-13.68	151.43
1684933039.72	1.74	-13.64	150.59
1684933039.82	1.74	-13.64	150.59
1684933039.92	1.78	-13.60	149.80
1684933040.02	1.78	-13.60	149.80
1684933040.12	1.82	-13.54	149.10
1684933040.22	1.82	-13.54	149.10
1684933040.32	1.85	-13.49	148.51
1684933040.42	1.85	-13.49	148.51
1684933040.52	1.87	-13.44	147.71
1684933040.62	1.87	-13.44	147.71
1684933040.72	1.92	-13.39	146.96
1684933040.82	1.92	-13.39	146.96
1684933040.92	1.95	-13.35	146.12
1684933041.02	1.95	-13.35	146.12
1684933041.12	1.98	-13.31	145.52
1684933041.22	1.98	-13.31	145.52
1684933041.32	2.00	-13.29	145.13
1684933041.42	2.00	-13.29	145.13
1684933041.52	2.01	-13.29	145.03
1684933041.62	2.01	-13.29	145.03
1684933041.72	2.00	-13.29	145.09
1684933041.82	2.00	-13.29	145.09
1684933041.92	2.02	-13.28	144.83
1684933042.02	2.02	-13.28	144.83
1684933042.12	2.07	-13.24	144.00
1684933042.22	2.07	-13.24	144.00
1684933042.32	2.10	-13.18	142.94
1684933042.42	2.10	-13.18	142.94
1684933042.52	2.13	-13.12	142.02
1684933042.62	2.13	-13.12	142.02
1684933042.72	2.17	-13.07	140.87
1684933042.82	2.17	-13.07	140.87
1684933042.92	2.22	-13.03	139.65
1684933043.02	2.22	-13.03	139.65
1684933043.12	2.27	-12.98	138.42
1684933043.22	2.27	-12.98	138.42
1684933043.32	2.31	-12.94	137.20
1684933043.42	2.31	-12.94	137.20
1684933043.52	2.36	-12.90	136.00
1684933043.62	2.36	-12.90	136.00
1684933043.72	2.41	-12.87	134.84
1684933043.82	2.41	-12.87	134.84
1684933043.92	2.46	-12.82	133.68
1684933044.02	2.46	-12.82	133.68
1684933044.12	2.50	-12.81	132.44
1684933044.22	2.50	-12.81	132.44
1684933044.32	2.53	-12.80	131.67
1684933044.42	2.53	-12.80	131.67
1684933044.52	2.53	-12.79	131.72
1684933044.62	2.53	-12.79	131.72
1684933044.72	2.53	-12.80	131.80
1684933044.82	2.53	-12.80	131.80
1684933044.92	2.54	-12.79	131.85
1684933045.02	2.54	-12.79	131.85
1684933045.12	2.54	-12.79	131.52
1684933045.22	2.54	-12.79	131.52
1684933045.32	2.55	-12.79	131.12
1684933045.42	2.55	-12.79	131.12
1684933045.52	2.53	-12.78	131.19
1684933045.62	2.53	-12.78	131.19
1684933045.72	2.53	-12.79	131.18
1684933045.82	2.53	-12.79	131.18
1684933045.92	2.53	-12.78	131.17
1684933046.02	2.53	-12.78	131.17
1684933046.12	2.53	-12.79	131.16
1684933046.21	2.53	-12.79	131.16
1684933046.31	2.53	-12.79	131.06
1684933046.41	2.53	-12.79	131.06
1684933046.51	2.54	-12.78	130.52
1684933046.61	2.54	-12.78	130.52
1684933046.71	2.57	-12.77	129.44
1684933046.81	2.57	-12.77	129.44
1684933046.91	2.61	-12.75	128.04
1684933047.01	2.61	-12.75	128.04
1684933047.11	2.66	-12.74	126.66
1684933047.21	2.66	-12.74	126.66
1684933047.31	2.68	-12.74	125.29
1684933047.41	2.68	-12.74	125.29
1684933047.51	2.69	-12.73	124.04
1684933047.61	2.69	-12.73	124.04
1684933047.71	2.70	-12.72	122.50
1684933047.81	2.70	-12.72	122.50
1684933047.91	2.75	-12.69	120.78
1684933048.01	2.75	-12.69	120.78
1684933048.11	2.78	-12.68	119.92
1684933048.21	2.78	-12.68	119.92
1684933048.31	2.85	-12.68	118.64
1684933048.41	2.85	-12.68	118.64
1684933048.51	2.93	-12.65	117.60
1684933048.61	2.93	-12.65	117.60
1684933048.71	2.99	-12.62	116.92
1684933048.81	2.99	-12.62	116.92
1684933048.91	3.03	-12.61	115.71
1684933049.01	3.03	-12.61	115.71
1684933049.11	3.06	-12.61	114.66
1684933049.21	3.06	-12.61	114.66
1684933049.31	3.08	-12.60	114.05
1684933049.41	3.08	-12.60	114.05
1684933049.51	3.10	-12.60	113.34
1684933049.61	3.10	-12.60	113.34
1684933049.71	3.14	-12.60	111.98
1684933049.81	3.14	-12.60	111.98
1684933049.91	3.19	-12.59	110.58
1684933050.01	3.19	-12.59	110.58
1684933050.11	3.25	-12.59	109.14
1684933050.21	3.25	-12.59	109.14
1684933050.31	3.29	-12.59	108.21
1684933050.41	3.29	-12.59	108.21
1684933050.51	3.33	-12.59	107.31
1684933050.61	3.33	-12.59	107.31
1684933050.71	3.43	-12.67	106.18
1684933050.81	3.43	-12.67	106.18
1684933050.91	3.49	-12.63	104.71
1684933051.01	3.49	-12.63	104.71
1684933051.11	3.55	-12.63	103.72
1684933051.21	3.55	-12.63	103.72
1684933051.31	3.62	-12.62	102.82
1684933051.41	3.62	-12.62	102.82
1684933051.51	3.68	-12.61	102.54
1684933051.61	3.68	-12.61	102.54
1684933051.71	3.68	-12.61	102.49
1684933051.81	3.68	-12.61	102.49
1684933051.91	3.69	-12.61	102.46
1684933052.01	3.69	-12.61	102.46
1684933052.11	3.73	-12.59	102.48
1684933052.21	3.73	-12.59	102.48
1684933052.31	3.83	-12.59	102.68
1684933052.41	3.83	-12.59	102.68
1684933052.51	3.93	-12.57	102.93
1684933052.61	3.93	-12.57	102.93
1684933052.71	4.01	-12.54	103.05
1684933052.81	4.01	-12.54	103.05
1684933052.91	4.11	-12.52	103.01
1684933053.01	4.11	-12.52	103.01
1684933053.11	4.16	-12.51	102.92
1684933053.21	4.16	-12.51	102.92
1684933053.31	4.17	-12.50	102.90
1684933053.41	4.17	-12.50	102.90
1684933053.51	4.17	-12.50	102.88
1684933053.61	4.17	-12.50	102.88
1684933053.71	4.16	-12.51	102.92
1684933053.81	4.16	-12.51	102.92
1684933053.91	4.15	-12.51	102.87
1684933054.01	4.15	-12.51	102.87
1684933054.11	4.11	-12.51	102.99
1684933054.21	4.11	-12.51	102.99
1684933054.31	4.01	-12.53	102.92
1684933054.41	4.01	-12.53	102.92
1684933054.51	3.90	-12.57	102.79
1684933054.61	3.90	-12.57	102.79
1684933054.71	3.81	-12.58	102.31
1684933054.81	3.81	-12.58	102.31
1684933054.91	3.73	-12.60	102.40
1684933055.01	3.73	-12.60	102.40
1684933055.11	3.64	-12.62	102.36
1684933055.21	3.64	-12.62	102.36
1684933055.31	3.56	-12.64	102.09
1684933055.41	3.56	-12.64	102.09
1684933055.51	3.47	-12.66	101.65
1684933055.61	3.47	-12.66	101.65
1684933055.71	3.38	-12.68	101.87
1684933055.81	3.38	-12.68	101.87
1684933055.91	3.30	-12.70	101.94
1684933056.01	3.30	-12.70	101.94
1684933056.11	3.24	-12.72	101.82
1684933056.21	3.24	-12.72	101.82
1684933056.31	3.16	-12.73	101.80
1684933056.40	3.16	-12.73	101.80
1684933056.50	3.11	-12.75	101.58
1684933056.60	3.11	-12.75	101.58
1684933056.70	3.06	-12.75	101.57
1684933056.80	3.06	-12.75	101.57
1684933056.90	3.00	-12.77	101.72
1684933057.00	3.00	-12.77	101.72
1684933057.10	2.93	-12.79	102.08
1684933057.20	2.93	-12.79	102.08
1684933057.30	2.86	-12.80	102.15
1684933057.40	2.86	-12.80	102.15
1684933057.50	2.81	-12.80	102.25
1684933057.60	2.81	-12.80	102.25
1684933057.70	2.77	-12.81	102.41
1684933057.80	2.77	-12.81	102.41
1684933057.90	2.77	-12.82	102.52
1684933058.00	2.77	-12.82	102.52
1684933058.10	2.78	-12.82	102.47
1684933058.20	2.78	-12.82	102.47
1684933058.30	2.77	-12.82	102.55
1684933058.40	2.77	-12.82	102.55
1684933058.50	2.79	-12.81	102.75
1684933058.60	2.79	-12.81	102.75
1684933058.70	2.78	-12.81	102.69
1684933058.80	2.78	-12.81	102.69
1684933058.90	2.77	-12.80	102.74
1684933059.00	2.77	-12.80	102.74
1684933059.10	2.75	-12.80	102.61
1684933059.20	2.75	-12.80	102.61
1684933059.30	2.69	-12.83	102.71
1684933059.40	2.69	-12.83	102.71
1684933059.50	2.61	-12.85	103.00
1684933059.60	2.61	-12.85	103.00
1684933059.70	2.55	-12.87	103.14
1684933059.80	2.55	-12.87	103.14
1684933059.90	2.49	-12.88	103.47
1684933060.00	2.49	-12.88	103.47
1684933060.10	2.44	-12.89	104.06
1684933060.20	2.44	-12.89	104.06
1684933060.30	2.36	-12.89	104.73
1684933060.40	2.36	-12.89	104.73
1684933060.50	2.31	-12.91	105.35
1684933060.60	2.31	-12.91	105.35
1684933060.70	2.26	-12.91	106.21
1684933060.80	2.26	-12.91	106.21
1684933060.90	2.21	-12.92	106.91
1684933061.00	2.21	-12.92	106.91
1684933061.10	2.16	-12.94	107.67
1684933061.20	2.16	-12.94	107.67
1684933061.30	2.11	-12.94	108.41
1684933061.40	2.11	-12.94	108.41
1684933061.50	2.05	-12.96	109.10
1684933061.60	2.05	-12.96	109.10
1684933061.70	2.00	-12.96	109.99
1684933061.80	2.00	-12.96	109.99
1684933061.90	1.95	-12.98	110.94
1684933062.00	1.95	-12.98	110.94
1684933062.10	1.90	-12.99	111.86
1684933062.20	1.90	-12.99	111.86
1684933062.30	1.84	-13.01	112.81
1684933062.40	1.84	-13.01	112.81
1684933062.50	1.78	-13.02	113.75
1684933062.60	1.78	-13.02	113.75
1684933062.70	1.74	-13.04	114.72
1684933062.80	1.74	-13.04	114.72
1684933062.90	1.69	-13.06	115.65
1684933063.00	1.69	-13.06	115.65
1684933063.10	1.63	-13.08	116.65
1684933063.20	1.63	-13.08	116.65
1684933063.30	1.57	-13.10	117.72
1684933063.40	1.57	-13.10	117.72
1684933063.50	1.52	-13.12	118.88
1684933063.60	1.52	-13.12	118.88
1684933063.70	1.48	-13.13	120.01
1684933063.80	1.48	-13.13	120.01
1684933063.90	1.44	-13.15	120.87
1684933064.00	1.44	-13.15	120.87
1684933064.10	1.42	-13.15	121.51
1684933064.20	1.42	-13.15	121.51
1684933064.30	1.39	-13.15	122.11
1684933064.40	1.39	-13.15	122.11
1684933064.50	1.38	-13.16	122.78
1684933064.60	1.38	-13.16	122.78
1684933064.70	1.34	-13.17	123.91
1684933064.80	1.34	-13.17	123.91
1684933064.90	1.31	-13.19	124.86
1684933065.00	1.31	-13.19	124.86
1684933065.10	1.27	-13.20	125.85
1684933065.20	1.27	-13.20	125.85
1684933065.30	1.24	-13.22	126.86
1684933065.40	1.24	-13.22	126.86
1684933065.50	1.20	-13.23	127.84
1684933065.60	1.20	-13.23	127.84
1684933065.70	1.18	-13.24	128.98
1684933065.80	1.18	-13.24	128.98
1684933065.90	1.14	-13.25	130.02
1684933066.00	1.14	-13.25	130.02
1684933066.10	1.12	-13.27	131.05
1684933066.20	1.12	-13.27	131.05
1684933066.30	1.09	-13.28	132.05
1684933066.40	1.09	-13.28	132.05
1684933066.50	1.06	-13.30	133.02
1684933066.60	1.06	-13.30	133.02
1684933066.70	1.03	-13.32	134.09
1684933066.80	1.03	-13.32	134.09
1684933066.90	0.99	-13.34	134.97
1684933066.99	0.99	-13.34	134.97
1684933067.09	0.96	-13.36	136.16
1684933067.19	0.96	-13.36	136.16
1684933067.29	0.93	-13.39	137.14
1684933067.39	0.93	-13.39	137.14
1684933067.49	0.90	-13.40	138.08
1684933067.59	0.90	-13.40	138.08
1684933067.69	0.87	-13.42	138.96
1684933067.79	0.87	-13.42	138.96
1684933067.89	0.84	-13.44	140.03
1684933067.99	0.84	-13.44	140.03
1684933068.09	0.83	-13.45	141.32
1684933068.19	0.83	-13.45	141.32
1684933068.29	0.80	-13.47	142.35
1684933068.39	0.80	-13.47	142.35
1684933068.49	0.77	-13.49	143.24
1684933068.59	0.77	-13.49	143.24
1684933068.69	0.74	-13.51	144.16
1684933068.79	0.74	-13.51	144.16
1684933068.89	0.71	-13.53	144.84
1684933068.99	0.71	-13.53	144.84
1684933069.09	0.69	-13.56	145.30
1684933069.19	0.69	-13.56	145.30
1684933069.29	0.68	-13.58	145.56
1684933069.39	0.68	-13.58	145.56
1684933069.49	0.68	-13.58	145.47
1684933069.59	0.68	-13.58	145.47
1684933069.69	0.68	-13.57	145.56
1684933069.79	0.68	-13.57	145.56
1684933069.89	0.68	-13.58	145.61
1684933069.99	0.68	-13.58	145.61
1684933070.09	0.68	-13.58	145.56
1684933070.19	0.68	-13.58	145.56
1684933070.29	0.69	-13.57	145.59
1684933070.39	0.69	-13.57	145.59
1684933070.49	0.69	-13.58	145.54
1684933070.59	0.69	-13.58	145.54
1684933070.69	0.69	-13.58	145.51
1684933070.79	0.69	-13.58	145.51
1684933070.89	0.69	-13.58	145.54
1684933070.99	0.69	-13.58	145.54
1684933071.09	0.69	-13.58	145.50
1684933071.19	0.69	-13.58	145.50
1684933071.29	0.69	-13.58	145.54
1684933071.39	0.69	-13.58	145.54
1684933071.49	0.69	-13.58	145.55
1684933071.59	0.69	-13.58	145.55
1684933071.69	0.69	-13.58	145.56
1684933071.79	0.69	-13.58	145.56
1684933071.89	0.69	-13.58	145.55
1684933071.99	0.69	-13.58	145.55
1684933072.09	0.69	-13.58	145.57
1684933072.19	0.69	-13.58	145.57
1684933072.29	0.69	-13.57	145.58
1684933072.39	0.69	-13.57	145.58
1684933072.49	0.69	-13.58	145.51
1684933072.59	0.69	-13.58	145.51
1684933072.69	0.68	-13.57	145.49
1684933072.79	0.68	-13.57	145.49
1684933072.89	0.69	-13.57	145.56
1684933072.99	0.69	-13.57	145.56
1684933073.09	0.69	-13.57	145.57
1684933073.19	0.69	-13.57	145.57
1684933073.29	0.69	-13.57	145.45
1684933073.39	0.69	-13.57	145.45
1684933073.49	0.69	-13.57	145.44
1684933073.59	0.69	-13.57	145.44
1684933073.69	0.72	-13.53	145.64
1684933073.79	0.72	-13.53	145.64
1684933073.89	0.76	-13.46	145.67
1684933073.99	0.76	-13.46	145.67
1684933074.09	0.81	-13.40	145.82
1684933074.19	0.81	-13.40	145.82
1684933074.29	0.85	-13.33	145.97
1684933074.39	0.85	-13.33	145.97
1684933074.49	0.88	-13.27	146.38
1684933074.59	0.88	-13.27	146.38
1684933074.69	0.91	-13.22	147.01
1684933074.79	0.91	-13.22	147.01
1684933074.89	0.94	-13.15	147.73
1684933074.99	0.94	-13.15	147.73
1684933075.09	0.97	-13.09	148.60
1684933075.19	0.97	-13.09	148.60
1684933075.29	1.00	-13.03	149.55
1684933075.39	1.00	-13.03	149.55
1684933075.49	1.03	-12.97	150.66
1684933075.59	1.03	-12.97	150.66
1684933075.69	1.05	-12.90	151.88
1684933075.79	1.05	-12.90	151.88
1684933075.89	1.06	-12.83	153.10
1684933075.99	1.06	-12.83	153.10
1684933076.09	1.08	-12.76	154.34
1684933076.19	1.08	-12.76	154.34
1684933076.29	1.09	-12.69	155.74
1684933076.39	1.09	-12.69	155.74
1684933076.49	1.12	-12.63	157.03
1684933076.59	1.12	-12.63	157.03
1684933076.69	1.12	-12.55	158.41
1684933076.79	1.12	-12.55	158.41
1684933076.89	1.13	-12.48	159.73
1684933076.99	1.13	-12.48	159.73
1684933077.08	1.15	-12.42	161.13
1684933077.18	1.15	-12.42	161.13
1684933077.28	1.14	-12.35	162.48
1684933077.38	1.14	-12.35	162.48
1684933077.48	1.15	-12.27	163.88
1684933077.58	1.15	-12.27	163.88
1684933077.68	1.17	-12.21	165.42
1684933077.78	1.17	-12.21	165.42
1684933077.88	1.16	-12.14	166.89
1684933077.98	1.16	-12.14	166.89
1684933078.08	1.15	-12.10	168.05
1684933078.18	1.15	-12.10	168.05
1684933078.28	1.15	-12.06	168.83
1684933078.38	1.15	-12.06	168.83
1684933078.48	1.15	-12.03	169.84
1684933078.58	1.15	-12.03	169.84
1684933078.68	1.14	-11.97	171.31
1684933078.78	1.14	-11.97	171.31
1684933078.88	1.14	-11.91	172.90
1684933078.98	1.14	-11.91	172.90
1684933079.08	1.14	-11.86	174.44
1684933079.18	1.14	-11.86	174.44
1684933079.28	1.13	-11.80	175.81
1684933079.38	1.13	-11.80	175.81
1684933079.48	1.12	-11.75	177.37
1684933079.58	1.12	-11.75	177.37
1684933079.68	1.10	-11.69	178.79
1684933079.78	1.10	-11.69	178.79
1684933079.88	1.09	-11.64	-179.83
1684933079.98	1.09	-11.64	-179.83
1684933080.08	1.07	-11.60	-178.30
1684933080.18	1.07	-11.60	-178.30
1684933080.28	1.06	-11.54	-177.01
1684933080.38	1.06	-11.54	-177.01
1684933080.48	1.04	-11.48	-175.69
1684933080.58	1.04	-11.48	-175.69
1684933080.68	1.02	-11.42	-174.23
1684933080.78	1.02	-11.42	-174.23
1684933080.88	1.00	-11.33	-172.21
1684933080.98	1.00	-11.33	-172.21
1684933081.08	0.97	-11.22	-169.85
1684933081.18	0.97	-11.22	-169.85
1684933081.28	0.92	-11.13	-167.61
1684933081.38	0.92	-11.13	-167.61
1684933081.48	0.88	-11.03	-166.41
1684933081.58	0.88	-11.03	-166.41
1684933081.68	0.85	-10.94	-166.11
1684933081.78	0.85	-10.94	-166.11
1684933081.88	0.83	-10.85	-165.95
1684933081.98	0.83	-10.85	-165.95
1684933082.08	0.80	-10.78	-165.82
1684933082.18	0.80	-10.78	-165.82
1684933082.28	0.78	-10.71	-165.72
1684933082.38	0.78	-10.71	-165.72
1684933082.48	0.75	-10.64	-165.50
1684933082.58	0.75	-10.64	-165.50
1684933082.68	0.73	-10.55	-165.28
1684933082.78	0.73	-10.55	-165.28
1684933082.88	0.70	-10.47	-165.14
1684933082.98	0.70	-10.47	-165.14
1684933083.08	0.68	-10.40	-165.30
1684933083.18	0.68	-10.40	-165.30
1684933083.28	0.66	-10.32	-165.66
1684933083.38	0.66	-10.32	-165.66
1684933083.48	0.64	-10.24	-166.02
1684933083.58	0.64	-10.24	-166.02
1684933083.68	0.63	-10.17	-166.41
1684933083.78	0.63	-10.17	-166.41
1684933083.88	0.61	-10.09	-166.79
1684933083.98	0.61	-10.09	-166.79
1684933084.08	0.59	-10.03	-167.53
1684933084.18	0.59	-10.03	-167.53
1684933084.28	0.58	-9.94	-168.61
1684933084.38	0.58	-9.94	-168.61
1684933084.48	0.57	-9.86	-169.83
1684933084.58	0.57	-9.86	-169.83
1684933084.68	0.58	-9.79	-170.86
1684933084.78	0.58	-9.79	-170.86
1684933084.88	0.58	-9.73	-171.78
1684933084.98	0.58	-9.73	-171.78
1684933085.08	0.56	-9.64	-172.77
1684933085.18	0.56	-9.64	-172.77
1684933085.28	0.55	-9.58	-173.73
1684933085.38	0.55	-9.58	-173.73
1684933085.48	0.54	-9.50	-174.68
1684933085.58	0.54	-9.50	-174.68
1684933085.68	0.54	-9.43	-175.36
1684933085.78	0.54	-9.43	-175.36
1684933085.88	0.53	-9.37	-175.30
1684933085.98	0.53	-9.37	-175.30
1684933086.08	0.52	-9.31	-175.29
1684933086.18	0.52	-9.31	-175.29
1684933086.28	0.52	-9.27	-175.25
1684933086.38	0.52	-9.27	-175.25
1684933086.48	0.51	-9.21	-175.20
1684933086.58	0.51	-9.21	-175.20
1684933086.68	0.49	-9.14	-175.19
1684933086.78	0.49	-9.14	-175.19
1684933086.88	0.48	-9.07	-175.18
1684933086.98	0.48	-9.07	-175.18
1684933087.08	0.46	-8.99	-174.84
1684933087.17	0.46	-8.99	-174.84
1684933087.27	0.46	-8.93	-174.33
1684933087.37	0.46	-8.93	-174.33
1684933087.47	0.44	-8.88	-173.73
1684933087.57	0.44	-8.88	-173.73
1684933087.67	0.42	-8.83	-173.17
1684933087.77	0.42	-8.83	-173.17
1684933087.87	0.42	-8.78	-172.36
1684933087.97	0.42	-8.78	-172.36
1684933088.07	0.40	-8.71	-171.33
1684933088.17	0.40	-8.71	-171.33
1684933088.27	0.37	-8.63	-170.09
1684933088.37	0.37	-8.63	-170.09
1684933088.47	0.34	-8.54	-168.99
1684933088.57	0.34	-8.54	-168.99
1684933088.67	0.31	-8.46	-167.93
1684933088.77	0.31	-8.46	-167.93
1684933088.87	0.29	-8.38	-166.80
1684933088.97	0.29	-8.38	-166.80
1684933089.07	0.25	-8.30	-165.89
1684933089.17	0.25	-8.30	-165.89
1684933089.27	0.22	-8.21	-165.20
1684933089.37	0.22	-8.21	-165.20
1684933089.47	0.19	-8.12	-165.04
1684933089.57	0.19	-8.12	-165.04
1684933089.67	0.17	-8.04	-164.89
1684933089.77	0.17	-8.04	-164.89
1684933089.87	0.15	-7.95	-164.73
1684933089.97	0.15	-7.95	-164.73
1684933090.07	0.11	-7.84	-164.67
1684933090.17	0.11	-7.84	-164.67
1684933090.27	0.08	-7.75	-164.54
1684933090.37	0.08	-7.75	-164.54
1684933090.47	0.06	-7.65	-164.33
1684933090.57	0.06	-7.65	-164.33
1684933090.67	0.02	-7.56	-164.21
1684933090.77	0.02	-7.56	-164.21
1684933090.87	-0.00	-7.47	-163.98
1684933090.97	-0.00	-7.47	-163.98
1684933091.07	-0.03	-7.39	-164.00
1684933091.17	-0.03	-7.39	-164.00
1684933091.27	-0.05	-7.32	-164.35
1684933091.37	-0.05	-7.32	-164.35
1684933091.47	-0.07	-7.26	-164.77
1684933091.57	-0.07	-7.26	-164.77
1684933091.67	-0.09	-7.19	-165.08
1684933091.77	-0.09	-7.19	-165.08
1684933091.87	-0.12	-7.10	-165.42
1684933091.97	-0.12	-7.10	-165.42
1684933092.07	-0.14	-7.02	-165.86
1684933092.17	-0.14	-7.02	-165.86
1684933092.27	-0.15	-6.95	-166.34
1684933092.37	-0.15	-6.95	-166.34
1684933092.47	-0.17	-6.87	-166.76
1684933092.57	-0.17	-6.87	-166.76
1684933092.67	-0.18	-6.80	-167.29
1684933092.77	-0.18	-6.80	-167.29
1684933092.87	-0.19	-6.72	-167.64
1684933092.97	-0.19	-6.72	-167.64
1684933093.07	-0.21	-6.65	-167.72
1684933093.17	-0.21	-6.65	-167.72
1684933093.27	-0.23	-6.56	-167.67
1684933093.37	-0.23	-6.56	-167.67
1684933093.47	-0.25	-6.50	-167.67
1684933093.57	-0.25	-6.50	-167.67
1684933093.67	-0.27	-6.43	-167.59
1684933093.77	-0.27	-6.43	-167.59
1684933093.87	-0.29	-6.36	-167.57
1684933093.97	-0.29	-6.36	-167.57
1684933094.07	-0.31	-6.29	-167.48
1684933094.17	-0.31	-6.29	-167.48
1684933094.27	-0.33	-6.21	-167.50
1684933094.37	-0.33	-6.21	-167.50
1684933094.47	-0.35	-6.14	-167.48
1684933094.57	-0.35	-6.14	-167.48
1684933094.67	-0.37	-6.07	-167.49
1684933094.77	-0.37	-6.07	-167.49
1684933094.87	-0.38	-6.00	-167.49
1684933094.97	-0.38	-6.00	-167.49
1684933095.07	-0.40	-5.93	-167.44
1684933095.17	-0.40	-5.93	-167.44
1684933095.27	-0.43	-5.86	-167.42
1684933095.37	-0.43	-5.86	-167.42
1684933095.47	-0.44	-5.78	-167.39
1684933095.57	-0.44	-5.78	-167.39
1684933095.67	-0.46	-5.71	-167.39
1684933095.77	-0.46	-5.71	-167.39
1684933095.87	-0.48	-5.65	-167.34
1684933095.97	-0.48	-5.65	-167.34
1684933096.07	-0.49	-5.57	-167.33
1684933096.17	-0.49	-5.57	-167.33
1684933096.27	-0.51	-5.50	-167.30
1684933096.37	-0.51	-5.50	-167.30
1684933096.47	-0.53	-5.42	-167.25
1684933096.57	-0.53	-5.42	-167.25
1684933096.67	-0.55	-5.35	-167.14
1684933096.77	-0.55	-5.35	-167.14
1684933096.87	-0.57	-5.28	-167.11
1684933096.97	-0.57	-5.28	-167.11
1684933097.07	-0.58	-5.21	-167.17
1684933097.17	-0.58	-5.21	-167.17
1684933097.27	-0.60	-5.14	-167.30
1684933097.37	-0.60	-5.14	-167.30
1684933097.47	-0.62	-5.07	-167.78
1684933097.56	-0.62	-5.07	-167.78
1684933097.66	-0.64	-4.99	-168.27
1684933097.76	-0.64	-4.99	-168.27
1684933097.86	-0.64	-4.92	-168.84
1684933097.96	-0.64	-4.92	-168.84
1684933098.06	-0.65	-4.84	-169.13
1684933098.16	-0.65	-4.84	-169.13
1684933098.26	-0.67	-4.78	-169.14
1684933098.36	-0.67	-4.78	-169.14
1684933098.46	-0.69	-4.70	-169.24
1684933098.56	-0.69	-4.70	-169.24
1684933098.66	-0.71	-4.62	-169.25
1684933098.76	-0.71	-4.62	-169.25
1684933098.86	-0.73	-4.55	-169.20
1684933098.96	-0.73	-4.55	-169.20
1684933099.06	-0.74	-4.48	-169.21
1684933099.16	-0.74	-4.48	-169.21
1684933099.26	-0.76	-4.42	-169.27
1684933099.36	-0.76	-4.42	-169.27
1684933099.46	-0.77	-4.36	-169.30
1684933099.56	-0.77	-4.36	-169.30
1684933099.66	-0.79	-4.29	-169.26
1684933099.76	-0.79	-4.29	-169.26
1684933099.86	-0.81	-4.20	-169.18
1684933099.96	-0.81	-4.20	-169.18
1684933100.06	-0.82	-4.13	-169.14
1684933100.16	-0.82	-4.13	-169.14
1684933100.26	-0.84	-4.07	-169.15
1684933100.36	-0.84	-4.07	-169.15
1684933100.46	-0.85	-4.00	-169.18
1684933100.56	-0.85	-4.00	-169.18
1684933100.66	-0.87	-3.93	-169.17
1684933100.76	-0.87	-3.93	-169.17
1684933100.86	-0.88	-3.84	-169.14
1684933100.96	-0.88	-3.84	-169.14
1684933101.06	-0.90	-3.77	-169.06
1684933101.16	-0.90	-3.77	-169.06
1684933101.26	-0.91	-3.70	-169.06
1684933101.36	-0.91	-3.70	-169.06
1684933101.46	-0.93	-3.63	-169.11
1684933101.56	-0.93	-3.63	-169.11
1684933101.66	-0.95	-3.56	-169.09
1684933101.76	-0.95	-3.56	-169.09
1684933101.86	-0.97	-3.48	-169.09
1684933101.96	-0.97	-3.48	-169.09
1684933102.06	-0.98	-3.41	-169.07
1684933102.16	-0.98	-3.41	-169.07
1684933102.26	-1.00	-3.34	-169.08
1684933102.36	-1.00	-3.34	-169.08
1684933102.46	-1.02	-3.27	-169.00
1684933102.56	-1.02	-3.27	-169.00
1684933102.66	-1.04	-3.21	-169.05
1684933102.76	-1.04	-3.21	-169.05
1684933102.86	-1.05	-3.13	-169.13
1684933102.96	-1.05	-3.13	-169.13
1684933103.06	-1.06	-3.06	-169.06
1684933103.16	-1.06	-3.06	-169.06
1684933103.26	-1.07	-3.02	-169.13
1684933103.36	-1.07	-3.02	-169.13
1684933103.46	-1.07	-3.03	-169.16
1684933103.56	-1.07	-3.03	-169.16
1684933103.66	-1.07	-3.03	-169.16
1684933103.76	-1.07	-3.03	-169.16
1684933103.86	-1.07	-3.03	-169.14
1684933103.96	-1.07	-3.03	-169.14
1684933104.06	-1.07	-3.04	-169.13
1684933104.16	-1.07	-3.04	-169.13
1684933104.26	-1.07	-3.04	-169.22
1684933104.36	-1.07	-3.04	-169.22
1684933104.46	-1.08	-3.04	-169.24
1684933104.56	-1.08	-3.04	-169.24
1684933104.66	-1.07	-3.04	-169.24
1684933104.76	-1.07	-3.04	-169.24
1684933104.86	-1.08	-3.04	-169.27
1684933104.96	-1.08	-3.04	-169.27
1684933105.06	-1.08	-3.04	-169.20
1684933105.16	-1.08	-3.04	-169.20
1684933105.26	-1.07	-3.04	-169.17
1684933105.36	-1.07	-3.04	-169.17
1684933105.46	-1.07	-3.03	-169.17
1684933105.56	-1.07	-3.03	-169.17
1684933105.66	-1.07	-3.03	-169.15
1684933105.76	-1.07	-3.03	-169.15
1684933105.86	-1.07	-3.03	-169.12
1684933105.96	-1.07	-3.03	-169.12
1684933106.06	-1.07	-3.03	-169.15
1684933106.16	-1.07	-3.03	-169.15
1684933106.26	-1.07	-3.02	-169.14
1684933106.36	-1.07	-3.02	-169.14
1684933106.46	-1.07	-3.04	-169.15
1684933106.56	-1.07	-3.04	-169.15
1684933106.66	-1.07	-3.04	-169.21
1684933106.76	-1.07	-3.04	-169.21
1684933106.86	-1.07	-3.04	-169.20
1684933106.96	-1.07	-3.04	-169.20
1684933107.06	-1.07	-3.03	-169.14
1684933107.16	-1.07	-3.03	-169.14
1684933107.26	-1.07	-3.03	-169.19
1684933107.36	-1.07	-3.03	-169.19
1684933107.46	-1.08	-3.03	-169.31
1684933107.55	-1.08	-3.03	-169.31
1684933107.65	-1.08	-3.03	-169.29
1684933107.75	-1.08	-3.03	-169.29
1684933107.85	-1.08	-3.03	-169.30
1684933107.95	-1.08	-3.03	-169.30
1684933108.05	-1.08	-3.03	-169.33
1684933108.15	-1.08	-3.03	-169.33
1684933108.25	-1.08	-3.03	-169.33
1684933108.35	-1.08	-3.03	-169.33
1684933108.45	-1.08	-3.03	-169.34
1684933108.55	-1.08	-3.03	-169.34
1684933108.65	-1.08	-3.04	-169.31
1684933108.75	-1.08	-3.04	-169.31
1684933108.85	-1.08	-3.04	-169.38
1684933108.95	-1.08	-3.04	-169.38
1684933109.05	-1.08	-3.04	-169.32
1684933109.15	-1.08	-3.04	-169.32
1684933109.25	-1.08	-3.03	-169.30
1684933109.35	-1.08	-3.03	-169.30
1684933109.45	-1.08	-3.04	-169.33
1684933109.55	-1.08	-3.04	-169.33
1684933109.65	-1.08	-3.03	-169.24
1684933109.75	-1.08	-3.03	-169.24
1684933109.85	-1.07	-3.03	-169.23
1684933109.95	-1.07	-3.03	-169.23
1684933110.05	-1.08	-3.03	-169.24
1684933110.15	-1.08	-3.03	-169.24
1684933110.25	-1.08	-3.03	-169.22
1684933110.35	-1.08	-3.03	-169.22
1684933110.45	-1.07	-3.03	-169.20
1684933110.55	-1.07	-3.03	-169.20
1684933110.65	-1.08	-3.03	-169.24
1684933110.75	-1.08	-3.03	-169.24
1684933110.85	-1.07	-3.03	-169.18
1684933110.95	-1.07	-3.03	-169.18
1684933111.05	-1.08	-3.03	-169.20
1684933111.15	-1.08	-3.03	-169.20
1684933111.25	-1.07	-3.03	-169.23
1684933111.35	-1.07	-3.03	-169.23
1684933111.45	-1.07	-3.03	-169.22
1684933111.55	-1.07	-3.03	-169.22
1684933111.65	-1.07	-3.03	-169.21
1684933111.75	-1.07	-3.03	-169.21
1684933111.85	-1.08	-3.03	-169.23
1684933111.95	-1.08	-3.03	-169.23
1684933112.05	-1.07	-3.03	-169.21
1684933112.15	-1.07	-3.03	-169.21
1684933112.25	-1.07	-3.03	-169.24
1684933112.35	-1.07	-3.03	-169.24
1684933112.45	-1.07	-3.03	-169.24
1684933112.55	-1.07	-3.03	-169.24
1684933112.65	-1.08	-3.03	-169.28
1684933112.75	-1.08	-3.03	-169.28
1684933112.85	-1.08	-3.03	-169.29
1684933112.95	-1.08	-3.03	-169.29
1684933113.05	-1.08	-3.03	-169.30
1684933113.15	-1.08	-3.03	-169.30
1684933113.25	-1.07	-3.04	-169.32
1684933113.35	-1.07	-3.04	-169.32
1684933113.45	-1.08	-3.03	-169.27
1684933113.55	-1.08	-3.03	-169.27
1684933113.65	-1.08	-3.03	-169.27
1684933113.75	-1.08	-3.03	-169.27
1684933113.85	-1.08	-3.03	-169.26
1684933113.95	-1.08	-3.03	-169.26
1684933114.05	-1.08	-3.04	-169.30
1684933114.15	-1.08	-3.04	-169.30
1684933114.25	-1.08	-3.03	-169.29
1684933114.35	-1.08	-3.03	-169.29
1684933114.45	-1.08	-3.03	-169.26
1684933114.55	-1.08	-3.03	-169.26
1684933114.65	-1.08	-3.03	-169.27
1684933114.75	-1.08	-3.03	-169.27
1684933114.85	-1.07	-3.03	-169.23
1684933114.95	-1.07	-3.03	-169.23
1684933115.05	-1.07	-3.03	-169.24
1684933115.15	-1.07	-3.03	-169.24
1684933115.25	-1.07	-3.03	-169.18
1684933115.35	-1.07	-3.03	-169.18
1684933115.45	-1.07	-3.03	-169.24
1684933115.55	-1.07	-3.03	-169.24
1684933115.65	-1.08	-3.04	-169.29
1684933115.75	-1.08	-3.04	-169.29
1684933115.85	-1.08	-3.04	-169.30
1684933115.95	-1.08	-3.04	-169.30
1684933116.05	-1.08	-3.04	-169.29
1684933116.15	-1.08	-3.04	-169.29
1684933116.25	-1.08	-3.03	-169.27
1684933116.35	-1.08	-3.03	-169.27
1684933116.45	-1.08	-3.03	-169.31
1684933116.55	-1.08	-3.03	-169.31
1684933116.65	-1.08	-3.04	-169.31
1684933116.75	-1.08	-3.04	-169.31
1684933116.85	-1.08	-3.04	-169.29
1684933116.95	-1.08	-3.04	-169.29
1684933117.05	-1.08	-3.04	-169.31
1684933117.15	-1.08	-3.04	-169.31
1684933117.25	-1.08	-3.03	-169.26
1684933117.35	-1.08	-3.03	-169.26
1684933117.45	-1.08	-3.04	-169.28
1684933117.55	-1.08	-3.04	-169.28
1684933117.65	-1.08	-3.04	-169.28
1684933117.75	-1.08	-3.04	-169.28
1684933117.84	-1.08	-3.03	-169.27
1684933117.94	-1.08	-3.03	-169.27
1684933118.04	-1.07	-3.03	-169.28
1684933118.14	-1.07	-3.03	-169.28
1684933118.24	-1.07	-3.03	-169.21
1684933118.34	-1.07	-3.03	-169.21
1684933118.44	-1.08	-3.03	-169.22
1684933118.54	-1.08	-3.03	-169.22
1684933118.64	-1.07	-3.03	-169.24
1684933118.74	-1.07	-3.03	-169.24
1684933118.84	-1.08	-3.03	-169.22
1684933118.94	-1.08	-3.03	-169.22
1684933119.04	-1.07	-3.03	-169.25
1684933119.14	-1.07	-3.03	-169.25
