1683721012.51	1.66	-4.26	1.15
1683721012.61	1.66	-4.26	1.15
1683721012.71	1.66	-4.26	1.15
1683721012.81	1.66	-4.26	1.15
1683721012.91	1.66	-4.26	1.17
1683721013.01	1.66	-4.26	1.17
1683721013.11	1.66	-4.26	1.17
1683721013.21	1.66	-4.26	1.17
1683721013.31	1.66	-4.26	1.16
1683721013.41	1.66	-4.26	1.16
1683721013.51	1.66	-4.26	1.15
1683721013.61	1.66	-4.26	1.15
1683721013.71	1.66	-4.26	1.12
1683721013.81	1.66	-4.26	1.12
1683721013.91	1.66	-4.26	1.20
1683721014.01	1.66	-4.26	1.20
1683721014.11	1.66	-4.26	1.17
1683721014.21	1.66	-4.26	1.17
1683721014.31	1.66	-4.26	1.18
1683721014.41	1.66	-4.26	1.18
1683721014.51	1.66	-4.26	1.18
1683721014.61	1.66	-4.26	1.18
1683721014.71	1.66	-4.25	1.12
1683721014.81	1.66	-4.25	1.12
1683721014.91	1.66	-4.25	1.11
1683721015.01	1.66	-4.25	1.11
1683721015.11	1.66	-4.26	1.19
1683721015.21	1.66	-4.26	1.19
1683721015.31	1.66	-4.26	1.10
1683721015.41	1.66	-4.26	1.10
1683721015.51	1.66	-4.26	1.11
1683721015.61	1.66	-4.26	1.11
1683721015.71	1.66	-4.25	1.16
1683721015.81	1.66	-4.25	1.16
1683721015.91	1.66	-4.25	1.10
1683721016.01	1.66	-4.25	1.10
1683721016.11	1.66	-4.25	1.08
1683721016.21	1.66	-4.25	1.08
1683721016.31	1.66	-4.25	1.09
1683721016.40	1.66	-4.25	1.09
1683721016.50	1.66	-4.25	1.12
1683721016.60	1.66	-4.25	1.12
1683721016.70	1.66	-4.25	1.11
1683721016.80	1.66	-4.25	1.11
1683721016.90	1.66	-4.25	1.13
1683721017.00	1.66	-4.25	1.13
1683721017.10	1.66	-4.26	1.12
1683721017.20	1.66	-4.26	1.12
1683721017.30	1.66	-4.26	1.15
1683721017.40	1.66	-4.26	1.15
1683721017.50	1.66	-4.26	1.17
1683721017.60	1.66	-4.26	1.17
1683721017.70	1.66	-4.26	1.14
1683721017.80	1.66	-4.26	1.14
1683721017.90	1.66	-4.26	1.14
1683721018.00	1.66	-4.26	1.14
1683721018.10	1.67	-4.26	1.15
1683721018.20	1.67	-4.26	1.15
1683721018.30	1.67	-4.26	1.16
1683721018.40	1.67	-4.26	1.16
1683721018.50	1.67	-4.26	1.11
1683721018.60	1.67	-4.26	1.11
1683721018.70	1.66	-4.25	1.12
1683721018.80	1.66	-4.25	1.12
1683721018.90	1.67	-4.26	1.13
1683721019.00	1.67	-4.26	1.13
1683721019.10	1.66	-4.26	1.12
1683721019.20	1.66	-4.26	1.12
1683721019.30	1.66	-4.26	1.16
1683721019.40	1.66	-4.26	1.16
1683721019.50	1.66	-4.26	1.15
1683721019.60	1.66	-4.26	1.15
1683721019.70	1.66	-4.26	1.14
1683721019.80	1.66	-4.26	1.14
1683721019.90	1.66	-4.26	1.10
1683721020.00	1.66	-4.26	1.10
1683721020.10	1.66	-4.25	1.12
1683721020.20	1.66	-4.25	1.12
1683721020.30	1.66	-4.25	1.13
1683721020.40	1.66	-4.25	1.13
1683721020.50	1.66	-4.26	1.12
1683721020.60	1.66	-4.26	1.12
1683721020.70	1.66	-4.26	1.15
1683721020.80	1.66	-4.26	1.15
1683721020.90	1.67	-4.26	1.13
1683721021.00	1.67	-4.26	1.13
1683721021.10	1.66	-4.26	1.14
1683721021.20	1.66	-4.26	1.14
1683721021.30	1.66	-4.26	1.13
1683721021.40	1.66	-4.26	1.13
1683721021.50	1.66	-4.26	1.15
1683721021.60	1.66	-4.26	1.15
1683721021.70	1.66	-4.26	1.10
1683721021.80	1.66	-4.26	1.10
1683721021.90	1.67	-4.26	1.17
1683721022.00	1.67	-4.26	1.17
1683721022.10	1.67	-4.25	1.15
1683721022.20	1.67	-4.25	1.15
1683721022.30	1.66	-4.26	1.15
1683721022.40	1.66	-4.26	1.15
1683721022.50	1.67	-4.26	1.14
1683721022.60	1.67	-4.26	1.14
1683721022.70	1.66	-4.26	1.12
1683721022.80	1.66	-4.26	1.12
1683721022.90	1.67	-4.26	1.14
1683721023.00	1.67	-4.26	1.14
1683721023.10	1.67	-4.26	1.13
1683721023.20	1.66	-4.26	1.15
1683721023.30	1.66	-4.26	1.15
1683721023.40	1.66	-4.26	1.15
1683721023.50	1.67	-4.27	1.55
1683721023.60	1.67	-4.27	1.55
1683721023.70	1.68	-4.29	2.37
1683721023.80	1.68	-4.29	2.37
1683721023.90	1.69	-4.30	3.54
1683721024.00	1.69	-4.30	3.54
1683721024.10	1.70	-4.33	4.83
1683721024.20	1.70	-4.33	4.83
1683721024.30	1.72	-4.35	6.01
1683721024.40	1.72	-4.35	6.01
1683721024.50	1.73	-4.38	7.23
1683721024.60	1.73	-4.38	7.23
1683721024.70	1.75	-4.41	8.98
1683721024.80	1.75	-4.41	8.98
1683721024.90	1.78	-4.45	10.92
1683721025.00	1.78	-4.45	10.92
1683721025.10	1.81	-4.48	12.90
1683721025.20	1.81	-4.48	12.90
1683721025.30	1.83	-4.52	14.82
1683721025.40	1.83	-4.52	14.82
1683721025.50	1.86	-4.56	16.79
1683721025.60	1.86	-4.56	16.79
1683721025.70	1.89	-4.60	18.93
1683721025.80	1.89	-4.60	18.93
1683721025.90	1.93	-4.65	21.44
1683721025.99	1.93	-4.65	21.44
1683721026.09	1.98	-4.69	24.14
1683721026.19	1.98	-4.69	24.14
1683721026.29	2.03	-4.73	26.80
1683721026.39	2.03	-4.73	26.80
1683721026.49	2.07	-4.76	29.08
1683721026.59	2.07	-4.76	29.08
1683721026.69	2.10	-4.78	30.65
1683721026.79	2.10	-4.78	30.65
1683721026.89	2.12	-4.80	31.91
1683721026.99	2.12	-4.80	31.91
1683721027.09	2.17	-4.83	33.86
1683721027.19	2.17	-4.83	33.86
1683721027.29	2.22	-4.87	36.76
1683721027.39	2.22	-4.87	36.76
1683721027.49	2.29	-4.91	39.96
1683721027.59	2.29	-4.91	39.96
1683721027.69	2.35	-4.95	42.43
1683721027.79	2.35	-4.95	42.43
1683721027.89	2.42	-5.00	44.04
1683721027.99	2.42	-5.00	44.04
1683721028.09	2.50	-5.08	44.70
1683721028.19	2.50	-5.08	44.70
1683721028.29	2.61	-5.19	44.80
1683721028.39	2.61	-5.19	44.80
1683721028.49	2.73	-5.31	44.29
1683721028.59	2.73	-5.31	44.29
1683721028.69	2.87	-5.46	43.36
1683721028.79	2.87	-5.46	43.36
1683721028.89	3.00	-5.63	41.57
1683721028.99	3.00	-5.63	41.57
1683721029.09	3.12	-5.81	38.01
1683721029.19	3.12	-5.81	38.01
1683721029.29	3.24	-6.01	33.89
1683721029.39	3.24	-6.01	33.89
1683721029.49	3.33	-6.21	29.79
1683721029.59	3.33	-6.21	29.79
1683721029.69	3.40	-6.42	25.98
1683721029.79	3.40	-6.42	25.98
1683721029.89	3.47	-6.63	22.14
1683721029.99	3.47	-6.63	22.14
1683721030.09	3.52	-6.85	18.96
1683721030.19	3.52	-6.85	18.96
1683721030.29	3.59	-7.08	17.79
1683721030.39	3.59	-7.08	17.79
1683721030.49	3.66	-7.27	17.93
1683721030.59	3.66	-7.27	17.93
1683721030.69	3.73	-7.46	17.99
1683721030.79	3.73	-7.46	17.99
1683721030.89	3.78	-7.64	18.00
1683721030.99	3.78	-7.64	18.00
1683721031.09	3.85	-7.81	18.05
1683721031.19	3.85	-7.81	18.05
1683721031.29	3.89	-7.96	18.06
1683721031.39	3.89	-7.96	18.06
1683721031.49	3.95	-8.10	18.15
1683721031.59	3.95	-8.10	18.15
1683721031.69	4.01	-8.26	18.98
1683721031.79	4.01	-8.26	18.98
1683721031.89	4.07	-8.40	20.88
1683721031.99	4.07	-8.40	20.88
1683721032.09	4.17	-8.54	24.09
1683721032.19	4.17	-8.54	24.09
1683721032.29	4.25	-8.62	27.86
1683721032.39	4.25	-8.62	27.86
1683721032.49	4.30	-8.67	31.08
1683721032.59	4.30	-8.67	31.08
1683721032.69	4.36	-8.71	33.97
1683721032.79	4.36	-8.71	33.97
1683721032.89	4.43	-8.75	37.30
1683721032.99	4.43	-8.75	37.30
1683721033.09	4.51	-8.79	41.01
1683721033.19	4.51	-8.79	41.01
1683721033.29	4.60	-8.83	44.91
1683721033.39	4.60	-8.83	44.91
1683721033.49	4.69	-8.87	48.95
1683721033.59	4.69	-8.87	48.95
1683721033.69	4.77	-8.89	52.56
1683721033.79	4.77	-8.89	52.56
1683721033.89	4.85	-8.91	56.31
1683721033.99	4.85	-8.91	56.31
1683721034.09	4.94	-8.93	60.30
1683721034.19	4.94	-8.93	60.30
1683721034.29	5.04	-8.94	64.09
1683721034.39	5.04	-8.94	64.09
1683721034.49	5.13	-8.95	66.04
1683721034.59	5.13	-8.95	66.04
1683721034.69	5.22	-8.99	66.75
1683721034.79	5.22	-8.99	66.75
1683721034.89	5.36	-9.05	66.93
1683721034.99	5.36	-9.05	66.93
1683721035.09	5.50	-9.10	67.10
1683721035.19	5.50	-9.10	67.10
1683721035.29	5.63	-9.16	67.26
1683721035.39	5.63	-9.16	67.26
1683721035.49	5.76	-9.20	68.13
1683721035.59	5.76	-9.20	68.13
1683721035.69	5.88	-9.23	70.02
1683721035.79	5.88	-9.23	70.02
1683721035.89	5.99	-9.24	72.45
1683721035.99	5.99	-9.24	72.45
1683721036.09	6.09	-9.24	74.78
1683721036.19	6.09	-9.24	74.78
1683721036.29	6.14	-9.24	76.37
1683721036.38	6.14	-9.24	76.37
1683721036.48	6.18	-9.23	77.55
1683721036.58	6.18	-9.23	77.55
1683721036.68	6.23	-9.23	79.04
1683721036.78	6.23	-9.23	79.04
1683721036.88	6.30	-9.23	81.33
1683721036.98	6.30	-9.23	81.33
1683721037.08	6.39	-9.21	83.97
1683721037.18	6.39	-9.21	83.97
1683721037.28	6.48	-9.19	86.56
1683721037.38	6.48	-9.19	86.56
1683721037.48	6.55	-9.17	88.57
1683721037.58	6.55	-9.17	88.57
1683721037.68	6.63	-9.16	89.30
1683721037.78	6.63	-9.16	89.30
1683721037.88	6.76	-9.15	89.29
1683721037.98	6.76	-9.15	89.29
1683721038.08	6.91	-9.16	89.32
1683721038.18	6.91	-9.16	89.32
1683721038.28	7.06	-9.15	89.39
1683721038.38	7.06	-9.15	89.39
1683721038.48	7.20	-9.16	88.01
1683721038.58	7.20	-9.16	88.01
1683721038.68	7.32	-9.19	85.88
1683721038.78	7.32	-9.19	85.88
1683721038.88	7.46	-9.22	83.22
1683721038.98	7.46	-9.22	83.22
1683721039.08	7.60	-9.26	80.75
1683721039.18	7.60	-9.26	80.75
1683721039.28	7.73	-9.31	78.20
1683721039.38	7.73	-9.31	78.20
1683721039.48	7.83	-9.34	75.83
1683721039.58	7.83	-9.34	75.83
1683721039.68	7.89	-9.35	74.11
1683721039.78	7.89	-9.35	74.11
1683721039.88	7.93	-9.38	73.19
1683721039.98	7.93	-9.38	73.19
1683721040.08	7.98	-9.40	71.88
1683721040.18	7.98	-9.40	71.88
1683721040.28	8.05	-9.44	70.13
1683721040.38	8.05	-9.44	70.13
1683721040.48	8.13	-9.49	69.16
1683721040.58	8.13	-9.49	69.16
1683721040.68	8.24	-9.53	69.12
1683721040.78	8.24	-9.53	69.12
1683721040.88	8.34	-9.57	68.61
1683721040.98	8.34	-9.57	68.61
1683721041.08	8.45	-9.63	67.46
1683721041.18	8.45	-9.63	67.46
1683721041.28	8.53	-9.66	66.61
1683721041.38	8.53	-9.66	66.61
1683721041.48	8.63	-9.72	65.11
1683721041.58	8.63	-9.72	65.11
1683721041.68	8.75	-9.81	62.86
1683721041.78	8.75	-9.81	62.86
1683721041.88	8.85	-9.89	60.53
1683721041.98	8.85	-9.89	60.53
1683721042.08	8.95	-10.00	58.20
1683721042.18	8.95	-10.00	58.20
1683721042.28	9.03	-10.06	55.90
1683721042.38	9.03	-10.06	55.90
1683721042.48	9.07	-10.09	54.21
1683721042.58	9.07	-10.09	54.21
1683721042.68	9.10	-10.14	52.73
1683721042.78	9.10	-10.14	52.73
1683721042.88	9.13	-10.18	50.68
1683721042.98	9.13	-10.18	50.68
1683721043.08	9.16	-10.24	47.61
1683721043.18	9.16	-10.24	47.61
1683721043.28	9.20	-10.32	44.41
1683721043.38	9.20	-10.32	44.41
1683721043.48	9.24	-10.39	41.32
1683721043.58	9.24	-10.39	41.32
1683721043.68	9.27	-10.45	38.29
1683721043.78	9.27	-10.45	38.29
1683721043.88	9.29	-10.54	35.08
1683721043.98	9.29	-10.54	35.08
1683721044.08	9.31	-10.62	32.01
1683721044.18	9.31	-10.62	32.01
1683721044.28	9.32	-10.69	29.16
1683721044.38	9.32	-10.69	29.16
1683721044.48	9.33	-10.78	25.95
1683721044.58	9.33	-10.78	25.95
1683721044.68	9.35	-10.88	22.47
1683721044.78	9.35	-10.88	22.47
1683721044.88	9.37	-10.97	19.60
1683721044.98	9.37	-10.97	19.60
1683721045.08	9.42	-11.06	18.85
1683721045.18	9.42	-11.06	18.85
1683721045.28	9.46	-11.18	18.86
1683721045.38	9.46	-11.18	18.86
1683721045.48	9.48	-11.32	17.52
1683721045.58	9.48	-11.32	17.52
1683721045.68	9.49	-11.47	14.19
1683721045.78	9.49	-11.47	14.19
1683721045.88	9.51	-11.54	11.97
1683721045.98	9.51	-11.54	11.97
1683721046.08	9.52	-11.58	10.69
1683721046.18	9.52	-11.58	10.69
1683721046.28	9.51	-11.61	9.63
1683721046.38	9.51	-11.61	9.63
1683721046.48	9.50	-11.68	7.82
1683721046.58	9.50	-11.68	7.82
1683721046.68	9.48	-11.76	5.43
1683721046.78	9.48	-11.76	5.43
1683721046.88	9.48	-11.85	3.05
1683721046.98	9.48	-11.85	3.05
1683721047.08	9.46	-11.93	0.71
1683721047.17	9.46	-11.93	0.71
1683721047.27	9.45	-12.00	-1.40
1683721047.37	9.45	-12.00	-1.40
1683721047.47	9.44	-12.08	-2.94
1683721047.57	9.44	-12.08	-2.94
1683721047.67	9.42	-12.20	-4.11
1683721047.77	9.42	-12.20	-4.11
1683721047.87	9.42	-12.31	-4.16
1683721047.97	9.42	-12.31	-4.16
1683721048.07	9.41	-12.39	-4.12
1683721048.17	9.41	-12.39	-4.12
1683721048.27	9.41	-12.42	-3.82
1683721048.37	9.41	-12.42	-3.82
1683721048.47	9.42	-12.48	-2.93
1683721048.57	9.42	-12.48	-2.93
1683721048.67	9.42	-12.58	-2.06
1683721048.77	9.42	-12.58	-2.06
1683721048.87	9.42	-12.69	-1.80
1683721048.97	9.42	-12.69	-1.80
1683721049.07	9.43	-12.81	-0.97
1683721049.17	9.43	-12.81	-0.97
1683721049.27	9.45	-12.91	-0.04
1683721049.37	9.45	-12.91	-0.04
1683721049.47	9.46	-13.08	0.90
1683721049.57	9.46	-13.08	0.90
1683721049.67	9.47	-13.21	1.40
1683721049.77	9.47	-13.21	1.40
1683721049.87	9.48	-13.40	1.67
1683721049.97	9.48	-13.40	1.67
1683721050.07	9.48	-13.52	1.86
1683721050.17	9.48	-13.52	1.86
1683721050.27	9.49	-13.65	2.12
1683721050.37	9.49	-13.65	2.12
1683721050.47	9.50	-13.83	2.42
1683721050.57	9.50	-13.83	2.42
1683721050.67	9.52	-14.00	2.77
1683721050.77	9.52	-14.00	2.77
1683721050.87	9.54	-14.20	3.11
1683721050.97	9.54	-14.20	3.11
1683721051.07	9.55	-14.37	3.28
1683721051.17	9.55	-14.37	3.28
1683721051.27	9.58	-14.57	3.39
1683721051.37	9.58	-14.57	3.39
1683721051.47	9.59	-14.75	3.54
1683721051.57	9.59	-14.75	3.54
1683721051.67	9.61	-14.95	3.75
1683721051.77	9.61	-14.95	3.75
1683721051.87	9.63	-15.13	4.02
1683721051.97	9.63	-15.13	4.02
1683721052.07	9.65	-15.32	4.29
1683721052.17	9.65	-15.32	4.29
1683721052.27	9.67	-15.49	4.45
1683721052.37	9.67	-15.49	4.45
1683721052.47	9.69	-15.67	4.68
1683721052.57	9.69	-15.67	4.68
1683721052.67	9.70	-15.84	4.90
1683721052.77	9.70	-15.84	4.90
1683721052.87	9.72	-16.02	5.05
1683721052.97	9.72	-16.02	5.05
1683721053.07	9.74	-16.22	5.24
1683721053.17	9.74	-16.22	5.24
1683721053.27	9.77	-16.40	5.41
1683721053.37	9.77	-16.40	5.41
1683721053.47	9.76	-16.61	4.45
1683721053.57	9.76	-16.61	4.45
1683721053.67	9.77	-16.80	2.60
1683721053.77	9.77	-16.80	2.60
1683721053.87	9.77	-17.01	0.91
1683721053.97	9.77	-17.01	0.91
1683721054.07	9.77	-17.20	0.73
1683721054.17	9.77	-17.20	0.73
1683721054.27	9.78	-17.40	0.84
1683721054.37	9.78	-17.40	0.84
1683721054.47	9.78	-17.56	0.92
1683721054.57	9.78	-17.56	0.92
1683721054.67	9.80	-17.77	0.83
1683721054.77	9.80	-17.77	0.83
1683721054.87	9.80	-17.92	0.82
1683721054.97	9.80	-17.92	0.82
1683721055.07	9.81	-18.11	0.89
1683721055.17	9.81	-18.11	0.89
1683721055.27	9.82	-18.30	1.03
1683721055.37	9.82	-18.30	1.03
1683721055.47	9.82	-18.48	1.12
1683721055.57	9.82	-18.48	1.12
1683721055.67	9.83	-18.68	1.21
1683721055.77	9.83	-18.68	1.21
1683721055.87	9.84	-18.87	1.15
1683721055.97	9.84	-18.87	1.15
1683721056.07	9.85	-19.07	1.12
1683721056.17	9.85	-19.07	1.12
1683721056.27	9.85	-19.24	1.08
1683721056.37	9.85	-19.24	1.08
1683721056.47	9.87	-19.46	1.08
1683721056.57	9.87	-19.46	1.08
1683721056.67	9.87	-19.62	1.08
1683721056.77	9.87	-19.62	1.08
1683721056.87	9.87	-19.83	1.12
1683721056.97	9.87	-19.83	1.12
1683721057.07	9.87	-20.01	1.16
1683721057.17	9.87	-20.01	1.16
1683721057.27	9.89	-20.20	1.20
1683721057.36	9.89	-20.20	1.20
1683721057.46	9.89	-20.37	1.23
1683721057.56	9.89	-20.37	1.23
1683721057.66	9.90	-20.60	1.26
1683721057.76	9.90	-20.60	1.26
1683721057.86	9.91	-20.76	1.36
1683721057.96	9.91	-20.76	1.36
1683721058.06	9.92	-20.99	1.35
1683721058.16	9.92	-20.99	1.35
1683721058.26	9.93	-21.18	1.36
1683721058.36	9.93	-21.18	1.36
1683721058.46	9.94	-21.38	1.38
1683721058.56	9.94	-21.38	1.38
1683721058.66	9.94	-21.55	1.39
1683721058.76	9.94	-21.55	1.39
1683721058.86	9.95	-21.79	1.41
1683721058.96	9.95	-21.79	1.41
1683721059.06	9.96	-21.97	1.47
1683721059.16	9.96	-21.97	1.47
1683721059.26	9.97	-22.19	1.53
1683721059.36	9.97	-22.19	1.53
1683721059.46	9.98	-22.39	1.51
1683721059.56	9.98	-22.39	1.51
1683721059.66	9.99	-22.62	1.50
1683721059.76	9.99	-22.62	1.50
1683721059.86	10.00	-22.79	1.56
1683721059.96	10.00	-22.79	1.56
1683721060.06	10.01	-23.01	1.69
1683721060.16	10.01	-23.01	1.69
1683721060.26	10.02	-23.20	1.69
1683721060.36	10.02	-23.20	1.69
1683721060.46	10.03	-23.42	1.63
1683721060.56	10.03	-23.42	1.63
1683721060.66	10.04	-23.62	1.64
1683721060.76	10.04	-23.62	1.64
1683721060.86	10.05	-23.84	1.70
1683721060.96	10.05	-23.84	1.70
1683721061.06	10.06	-24.04	1.79
1683721061.16	10.06	-24.04	1.79
1683721061.26	10.07	-24.25	1.89
1683721061.36	10.07	-24.25	1.89
1683721061.46	10.08	-24.43	1.94
1683721061.56	10.08	-24.43	1.94
1683721061.66	10.10	-24.65	1.89
1683721061.76	10.10	-24.65	1.89
1683721061.86	10.11	-24.84	1.87
1683721061.96	10.11	-24.84	1.87
1683721062.06	10.12	-25.06	1.90
1683721062.16	10.12	-25.06	1.90
1683721062.26	10.13	-25.27	1.93
1683721062.36	10.13	-25.27	1.93
1683721062.46	10.15	-25.45	2.02
1683721062.56	10.15	-25.45	2.02
1683721062.66	10.15	-25.65	2.04
1683721062.76	10.15	-25.65	2.04
1683721062.86	10.17	-25.87	2.05
1683721062.96	10.17	-25.87	2.05
1683721063.06	10.18	-26.08	2.08
1683721063.16	10.18	-26.08	2.08
1683721063.26	10.20	-26.27	2.16
1683721063.36	10.20	-26.27	2.16
1683721063.46	10.20	-26.47	2.23
1683721063.56	10.20	-26.47	2.23
1683721063.66	10.22	-26.68	2.28
1683721063.76	10.22	-26.68	2.28
1683721063.86	10.23	-26.89	2.29
1683721063.96	10.23	-26.89	2.29
1683721064.06	10.25	-27.09	2.30
1683721064.16	10.25	-27.09	2.30
1683721064.26	10.26	-27.30	2.33
1683721064.36	10.26	-27.30	2.33
1683721064.46	10.27	-27.49	2.31
1683721064.56	10.27	-27.49	2.31
1683721064.66	10.28	-27.70	2.38
1683721064.76	10.28	-27.70	2.38
1683721064.86	10.29	-27.90	2.41
1683721064.96	10.29	-27.90	2.41
1683721065.06	10.31	-28.13	2.45
1683721065.16	10.31	-28.13	2.45
1683721065.26	10.32	-28.31	2.50
1683721065.36	10.32	-28.31	2.50
1683721065.46	10.33	-28.53	2.50
1683721065.56	10.33	-28.53	2.50
1683721065.66	10.35	-28.73	2.52
1683721065.76	10.35	-28.73	2.52
1683721065.86	10.36	-28.95	2.60
1683721065.96	10.36	-28.95	2.60
1683721066.06	10.37	-29.14	2.61
1683721066.16	10.37	-29.14	2.61
1683721066.26	10.39	-29.36	2.69
1683721066.36	10.39	-29.36	2.69
1683721066.46	10.39	-29.49	2.64
1683721066.56	10.39	-29.49	2.64
1683721066.66	10.40	-29.56	2.59
1683721066.76	10.40	-29.56	2.59
1683721066.86	10.40	-29.56	2.57
1683721066.96	10.40	-29.56	2.57
1683721067.06	10.39	-29.51	2.51
1683721067.15	10.39	-29.51	2.51
1683721067.25	10.39	-29.42	2.43
1683721067.35	10.39	-29.42	2.43
1683721067.45	10.38	-29.29	2.45
1683721067.55	10.38	-29.29	2.45
1683721067.65	10.37	-29.15	2.37
1683721067.75	10.37	-29.15	2.37
1683721067.85	10.36	-29.02	2.20
1683721067.95	10.36	-29.02	2.20
1683721068.05	10.35	-28.88	2.15
1683721068.15	10.35	-28.88	2.15
1683721068.25	10.35	-28.73	2.12
1683721068.35	10.35	-28.73	2.12
1683721068.45	10.34	-28.62	2.00
1683721068.55	10.34	-28.62	2.00
1683721068.65	10.33	-28.48	1.97
1683721068.75	10.33	-28.48	1.97
1683721068.85	10.32	-28.35	1.92
1683721068.95	10.32	-28.35	1.92
1683721069.05	10.32	-28.23	1.90
1683721069.15	10.32	-28.23	1.90
1683721069.25	10.31	-28.10	1.84
1683721069.35	10.31	-28.10	1.84
1683721069.45	10.30	-27.96	1.81
1683721069.55	10.30	-27.96	1.81
1683721069.65	10.30	-27.84	1.69
1683721069.75	10.30	-27.84	1.69
1683721069.85	10.29	-27.72	1.63
1683721069.95	10.29	-27.72	1.63
1683721070.05	10.29	-27.58	1.56
1683721070.15	10.29	-27.58	1.56
1683721070.25	10.28	-27.45	1.50
1683721070.35	10.28	-27.45	1.50
1683721070.45	10.27	-27.32	1.44
1683721070.55	10.27	-27.32	1.44
1683721070.65	10.26	-27.18	1.46
1683721070.75	10.26	-27.18	1.46
1683721070.85	10.26	-27.05	1.40
1683721070.95	10.26	-27.05	1.40
1683721071.05	10.25	-26.92	1.37
1683721071.15	10.25	-26.92	1.37
1683721071.25	10.24	-26.78	1.34
1683721071.35	10.24	-26.78	1.34
1683721071.45	10.24	-26.66	1.33
1683721071.55	10.24	-26.66	1.33
1683721071.65	10.24	-26.52	1.28
1683721071.75	10.24	-26.52	1.28
1683721071.85	10.23	-26.38	1.22
1683721071.95	10.23	-26.38	1.22
1683721072.05	10.23	-26.26	1.15
1683721072.15	10.23	-26.26	1.15
1683721072.25	10.22	-26.12	1.04
1683721072.35	10.22	-26.12	1.04
1683721072.45	10.21	-25.97	1.02
1683721072.55	10.21	-25.97	1.02
1683721072.65	10.21	-25.84	1.01
1683721072.75	10.21	-25.84	1.01
1683721072.85	10.20	-25.69	0.95
1683721072.95	10.20	-25.69	0.95
1683721073.05	10.20	-25.54	0.94
1683721073.15	10.20	-25.54	0.94
1683721073.25	10.19	-25.40	0.82
1683721073.35	10.19	-25.40	0.82
1683721073.45	10.18	-25.24	0.68
1683721073.55	10.18	-25.24	0.68
1683721073.65	10.18	-25.09	0.64
1683721073.75	10.18	-25.09	0.64
1683721073.85	10.18	-24.95	0.58
1683721073.95	10.18	-24.95	0.58
1683721074.05	10.17	-24.79	0.50
1683721074.15	10.17	-24.79	0.50
1683721074.25	10.17	-24.66	0.53
1683721074.35	10.17	-24.66	0.53
1683721074.45	10.16	-24.51	0.45
1683721074.55	10.16	-24.51	0.45
1683721074.65	10.15	-24.35	0.43
1683721074.75	10.15	-24.35	0.43
1683721074.85	10.15	-24.23	0.35
1683721074.95	10.15	-24.23	0.35
1683721075.05	10.15	-24.09	0.18
1683721075.15	10.15	-24.09	0.18
1683721075.25	10.14	-23.93	0.05
1683721075.35	10.14	-23.93	0.05
1683721075.45	10.14	-23.81	-0.03
1683721075.55	10.14	-23.81	-0.03
1683721075.65	10.14	-23.65	-0.11
1683721075.75	10.14	-23.65	-0.11
1683721075.85	10.13	-23.49	-0.13
1683721075.95	10.13	-23.49	-0.13
1683721076.05	10.13	-23.33	-0.18
1683721076.15	10.13	-23.33	-0.18
1683721076.25	10.12	-23.14	-0.23
1683721076.35	10.12	-23.14	-0.23
1683721076.45	10.13	-23.00	-0.32
1683721076.55	10.13	-23.00	-0.32
1683721076.65	10.12	-22.82	-0.49
1683721076.75	10.12	-22.82	-0.49
1683721076.85	10.12	-22.64	-0.53
1683721076.95	10.12	-22.64	-0.53
1683721077.05	10.12	-22.48	-0.54
1683721077.15	10.12	-22.48	-0.54
1683721077.24	10.12	-22.28	-0.57
1683721077.34	10.12	-22.28	-0.57
1683721077.44	10.12	-22.13	-0.66
1683721077.54	10.12	-22.13	-0.66
1683721077.64	10.11	-21.92	-0.70
1683721077.74	10.11	-21.92	-0.70
1683721077.84	10.11	-21.77	-0.79
1683721077.94	10.11	-21.77	-0.79
1683721078.04	10.11	-21.58	-0.85
1683721078.14	10.11	-21.58	-0.85
1683721078.24	10.11	-21.42	-0.89
1683721078.34	10.11	-21.42	-0.89
1683721078.44	10.11	-21.22	-1.00
1683721078.54	10.11	-21.22	-1.00
1683721078.64	10.11	-21.05	-0.97
1683721078.74	10.11	-21.05	-0.97
1683721078.84	10.11	-20.87	-1.01
1683721078.94	10.11	-20.87	-1.01
1683721079.04	10.11	-20.70	-1.10
1683721079.14	10.11	-20.70	-1.10
1683721079.24	10.11	-20.51	-1.18
1683721079.34	10.11	-20.51	-1.18
1683721079.44	10.11	-20.34	-1.28
1683721079.54	10.11	-20.34	-1.28
1683721079.64	10.11	-20.15	-1.35
1683721079.74	10.11	-20.15	-1.35
1683721079.84	10.11	-19.93	-1.38
1683721079.94	10.11	-19.93	-1.38
1683721080.04	10.11	-19.74	-1.46
1683721080.14	10.11	-19.74	-1.46
1683721080.24	10.11	-19.52	-1.56
1683721080.34	10.11	-19.52	-1.56
1683721080.44	10.11	-19.34	-1.57
1683721080.54	10.11	-19.34	-1.57
1683721080.64	10.12	-19.14	-1.58
1683721080.74	10.12	-19.14	-1.58
1683721080.84	10.12	-18.94	-1.58
1683721080.94	10.12	-18.94	-1.58
1683721081.04	10.12	-18.73	-1.63
1683721081.14	10.12	-18.73	-1.63
1683721081.24	10.12	-18.53	-1.66
1683721081.34	10.12	-18.53	-1.66
1683721081.44	10.12	-18.32	-1.76
1683721081.54	10.12	-18.32	-1.76
1683721081.64	10.12	-18.11	-1.93
1683721081.74	10.12	-18.11	-1.93
1683721081.84	10.13	-17.91	-2.02
1683721081.94	10.13	-17.91	-2.02
1683721082.04	10.13	-17.71	-2.05
1683721082.14	10.13	-17.71	-2.05
1683721082.24	10.13	-17.52	-2.05
1683721082.34	10.13	-17.52	-2.05
1683721082.44	10.14	-17.32	-2.19
1683721082.54	10.14	-17.32	-2.19
1683721082.64	10.14	-17.11	-2.28
1683721082.74	10.14	-17.11	-2.28
1683721082.84	10.15	-16.91	-1.76
1683721082.94	10.15	-16.91	-1.76
1683721083.04	10.16	-16.69	-0.70
1683721083.14	10.16	-16.69	-0.70
1683721083.24	10.16	-16.51	1.05
1683721083.34	10.16	-16.51	1.05
1683721083.44	10.17	-16.30	2.07
1683721083.54	10.17	-16.30	2.07
1683721083.64	10.16	-16.11	2.39
1683721083.74	10.16	-16.11	2.39
1683721083.84	10.15	-15.89	2.32
1683721083.94	10.15	-15.89	2.32
1683721084.04	10.14	-15.70	2.36
1683721084.14	10.14	-15.70	2.36
1683721084.24	10.13	-15.50	2.37
1683721084.34	10.13	-15.50	2.37
1683721084.44	10.12	-15.30	2.42
1683721084.54	10.12	-15.30	2.42
1683721084.64	10.11	-15.08	2.50
1683721084.74	10.11	-15.08	2.50
1683721084.84	10.09	-14.88	2.52
1683721084.94	10.09	-14.88	2.52
1683721085.04	10.08	-14.68	2.42
1683721085.14	10.08	-14.68	2.42
1683721085.24	10.07	-14.49	2.29
1683721085.34	10.07	-14.49	2.29
1683721085.44	10.05	-14.29	2.11
1683721085.54	10.05	-14.29	2.11
1683721085.64	10.04	-14.06	2.00
1683721085.74	10.04	-14.06	2.00
1683721085.84	10.02	-13.84	1.85
1683721085.94	10.02	-13.84	1.85
1683721086.04	10.01	-13.62	1.63
1683721086.14	10.01	-13.62	1.63
1683721086.24	10.00	-13.40	1.54
1683721086.34	10.00	-13.40	1.54
1683721086.44	9.99	-13.19	1.38
1683721086.54	9.99	-13.19	1.38
1683721086.64	9.99	-12.98	1.22
1683721086.74	9.99	-12.98	1.22
1683721086.84	9.97	-12.78	1.21
1683721086.94	9.97	-12.78	1.21
1683721087.04	9.97	-12.59	1.15
1683721087.13	9.97	-12.59	1.15
1683721087.23	9.96	-12.41	1.07
1683721087.33	9.96	-12.41	1.07
1683721087.43	9.95	-12.25	1.11
1683721087.53	9.95	-12.25	1.11
1683721087.63	9.94	-12.05	1.01
1683721087.73	9.94	-12.05	1.01
1683721087.83	9.93	-11.85	0.87
1683721087.93	9.93	-11.85	0.87
1683721088.03	9.92	-11.65	0.78
1683721088.13	9.92	-11.65	0.78
1683721088.23	9.92	-11.45	0.66
1683721088.33	9.92	-11.45	0.66
1683721088.43	9.91	-11.24	0.55
1683721088.53	9.91	-11.24	0.55
1683721088.63	9.91	-11.03	0.51
1683721088.73	9.91	-11.03	0.51
1683721088.83	9.90	-10.84	0.49
1683721088.93	9.90	-10.84	0.49
1683721089.03	9.89	-10.63	0.41
1683721089.13	9.89	-10.63	0.41
1683721089.23	9.89	-10.41	0.35
1683721089.33	9.89	-10.41	0.35
1683721089.43	9.89	-10.20	0.33
1683721089.53	9.89	-10.20	0.33
1683721089.63	9.88	-10.00	0.31
1683721089.73	9.88	-10.00	0.31
1683721089.83	9.88	-9.82	0.21
1683721089.93	9.88	-9.82	0.21
1683721090.03	9.87	-9.62	0.07
1683721090.13	9.87	-9.62	0.07
1683721090.23	9.87	-9.43	0.02
1683721090.33	9.87	-9.43	0.02
1683721090.43	9.87	-9.23	-0.06
1683721090.53	9.87	-9.23	-0.06
1683721090.63	9.86	-9.03	-0.15
1683721090.73	9.86	-9.03	-0.15
1683721090.83	9.86	-8.82	-0.12
1683721090.93	9.86	-8.82	-0.12
1683721091.03	9.86	-8.62	-0.17
1683721091.13	9.86	-8.62	-0.17
1683721091.23	9.85	-8.43	-0.23
1683721091.33	9.85	-8.43	-0.23
1683721091.43	9.86	-8.26	-0.48
1683721091.53	9.86	-8.26	-0.48
1683721091.63	9.85	-8.12	-0.47
1683721091.73	9.85	-8.12	-0.47
1683721091.83	9.85	-7.99	-0.52
1683721091.93	9.85	-7.99	-0.52
1683721092.03	9.84	-7.90	-0.53
1683721092.13	9.84	-7.90	-0.53
1683721092.23	9.84	-7.83	-0.49
1683721092.33	9.84	-7.83	-0.49
1683721092.43	9.84	-7.82	-0.50
1683721092.53	9.84	-7.82	-0.50
1683721092.63	9.84	-7.82	-0.51
1683721092.73	9.84	-7.82	-0.51
1683721092.83	9.85	-7.83	-0.52
1683721092.93	9.85	-7.83	-0.52
1683721093.03	9.84	-7.84	-0.51
1683721093.13	9.84	-7.84	-0.51
1683721093.23	9.84	-7.90	-0.52
1683721093.33	9.84	-7.90	-0.52
1683721093.43	9.85	-8.00	-0.51
1683721093.53	9.85	-8.00	-0.51
1683721093.63	9.84	-8.13	-0.42
1683721093.73	9.84	-8.13	-0.42
1683721093.83	9.85	-8.26	0.16
1683721093.93	9.85	-8.26	0.16
1683721094.03	9.87	-8.38	1.45
1683721094.13	9.87	-8.38	1.45
1683721094.23	9.89	-8.51	3.36
1683721094.33	9.89	-8.51	3.36
1683721094.43	9.93	-8.64	6.10
1683721094.53	9.93	-8.64	6.10
1683721094.63	9.97	-8.75	9.10
1683721094.73	9.97	-8.75	9.10
1683721094.83	10.01	-8.81	11.54
1683721094.93	10.01	-8.81	11.54
1683721095.03	10.04	-8.87	13.94
1683721095.13	10.04	-8.87	13.94
1683721095.23	10.10	-8.93	17.02
1683721095.33	10.10	-8.93	17.02
1683721095.43	10.18	-9.00	21.17
1683721095.53	10.18	-9.00	21.17
1683721095.63	10.26	-9.08	25.57
1683721095.73	10.26	-9.08	25.57
1683721095.83	10.34	-9.15	29.99
1683721095.93	10.34	-9.15	29.99
1683721096.03	10.42	-9.20	34.10
1683721096.13	10.42	-9.20	34.10
1683721096.23	10.49	-9.26	37.90
1683721096.33	10.49	-9.26	37.90
1683721096.43	10.58	-9.30	41.72
1683721096.53	10.58	-9.30	41.72
1683721096.63	10.66	-9.34	45.62
1683721096.73	10.66	-9.34	45.62
1683721096.82	10.76	-9.38	49.66
1683721096.92	10.76	-9.38	49.66
1683721097.02	10.85	-9.40	53.59
1683721097.12	10.85	-9.40	53.59
1683721097.22	10.95	-9.43	57.51
1683721097.32	10.95	-9.43	57.51
1683721097.42	11.04	-9.44	61.46
1683721097.52	11.04	-9.44	61.46
1683721097.62	11.14	-9.44	65.42
1683721097.72	11.14	-9.44	65.42
1683721097.82	11.23	-9.44	69.21
1683721097.92	11.23	-9.44	69.21
1683721098.02	11.31	-9.43	73.02
1683721098.12	11.31	-9.43	73.02
1683721098.22	11.41	-9.41	77.00
1683721098.32	11.41	-9.41	77.00
1683721098.42	11.49	-9.39	80.85
1683721098.52	11.49	-9.39	80.85
1683721098.62	11.59	-9.37	84.30
1683721098.72	11.59	-9.37	84.30
1683721098.82	11.66	-9.33	87.36
1683721098.92	11.66	-9.33	87.36
1683721099.02	11.73	-9.32	89.81
1683721099.12	11.73	-9.32	89.81
1683721099.22	11.82	-9.31	91.21
1683721099.32	11.82	-9.31	91.21
1683721099.42	11.92	-9.29	92.17
1683721099.52	11.92	-9.29	92.17
1683721099.62	12.07	-9.28	92.46
1683721099.72	12.07	-9.28	92.46
1683721099.82	12.23	-9.27	92.85
1683721099.92	12.23	-9.27	92.85
1683721100.02	12.37	-9.25	92.94
1683721100.12	12.37	-9.25	92.94
1683721100.22	12.48	-9.26	93.64
1683721100.32	12.48	-9.26	93.64
1683721100.42	12.61	-9.25	94.20
1683721100.52	12.61	-9.25	94.20
1683721100.62	12.73	-9.22	94.48
1683721100.72	12.73	-9.22	94.48
1683721100.82	12.90	-9.20	94.23
1683721100.92	12.90	-9.20	94.23
1683721101.02	13.03	-9.18	94.45
1683721101.12	13.03	-9.18	94.45
1683721101.22	13.17	-9.17	94.65
1683721101.32	13.17	-9.17	94.65
1683721101.42	13.30	-9.16	94.86
1683721101.52	13.30	-9.16	94.86
1683721101.62	13.45	-9.14	95.01
1683721101.72	13.45	-9.14	95.01
1683721101.82	13.61	-9.12	95.13
1683721101.92	13.61	-9.12	95.13
1683721102.02	13.76	-9.10	95.38
1683721102.12	13.76	-9.10	95.38
1683721102.22	13.93	-9.08	95.60
1683721102.32	13.93	-9.08	95.60
1683721102.42	14.10	-9.06	95.67
1683721102.52	14.10	-9.06	95.67
1683721102.62	14.25	-9.04	94.94
1683721102.72	14.25	-9.04	94.94
1683721102.82	14.41	-9.03	93.72
1683721102.92	14.41	-9.03	93.72
1683721103.02	14.57	-9.05	91.70
1683721103.12	14.57	-9.05	91.70
1683721103.22	14.72	-9.06	90.37
1683721103.32	14.72	-9.06	90.37
1683721103.42	14.85	-9.05	90.25
1683721103.52	14.85	-9.05	90.25
1683721103.62	14.97	-9.05	90.09
1683721103.72	14.97	-9.05	90.09
1683721103.82	15.09	-9.06	89.99
1683721103.92	15.09	-9.06	89.99
1683721104.02	15.21	-9.05	89.95
1683721104.12	15.21	-9.05	89.95
1683721104.22	15.35	-9.04	89.91
1683721104.32	15.35	-9.04	89.91
1683721104.42	15.49	-9.04	89.86
1683721104.52	15.49	-9.04	89.86
1683721104.62	15.63	-9.03	89.96
1683721104.72	15.63	-9.03	89.96
1683721104.82	15.76	-9.03	89.98
1683721104.92	15.76	-9.03	89.98
1683721105.02	15.88	-9.03	89.96
1683721105.12	15.88	-9.03	89.96
1683721105.22	16.00	-9.04	90.08
1683721105.32	16.00	-9.04	90.08
1683721105.42	16.12	-9.03	90.46
1683721105.52	16.12	-9.03	90.46
1683721105.62	16.24	-9.02	91.32
1683721105.72	16.24	-9.02	91.32
1683721105.82	16.35	-9.00	92.34
1683721105.92	16.35	-9.00	92.34
1683721106.02	16.47	-8.98	93.80
1683721106.12	16.47	-8.98	93.80
1683721106.22	16.60	-8.95	95.35
1683721106.32	16.60	-8.95	95.35
1683721106.42	16.72	-8.91	97.00
1683721106.52	16.72	-8.91	97.00
1683721106.62	16.85	-8.88	98.84
1683721106.72	16.85	-8.88	98.84
1683721106.82	16.97	-8.84	100.75
1683721106.92	16.97	-8.84	100.75
1683721107.02	17.11	-8.80	102.67
1683721107.12	17.11	-8.80	102.67
1683721107.22	17.23	-8.74	103.96
1683721107.32	17.23	-8.74	103.96
1683721107.42	17.37	-8.70	105.00
1683721107.52	17.37	-8.70	105.00
1683721107.62	17.50	-8.65	105.88
1683721107.72	17.50	-8.65	105.88
1683721107.82	17.62	-8.60	107.15
1683721107.92	17.62	-8.60	107.15
1683721108.02	17.73	-8.54	108.63
1683721108.12	17.73	-8.54	108.63
1683721108.22	17.84	-8.48	110.19
1683721108.32	17.84	-8.48	110.19
1683721108.42	17.97	-8.42	112.06
1683721108.52	17.97	-8.42	112.06
1683721108.62	18.08	-8.35	113.98
1683721108.72	18.08	-8.35	113.98
1683721108.82	18.20	-8.26	116.16
1683721108.92	18.20	-8.26	116.16
1683721109.02	18.32	-8.17	118.38
1683721109.12	18.32	-8.17	118.38
1683721109.22	18.44	-8.07	120.62
1683721109.32	18.44	-8.07	120.62
1683721109.42	18.55	-7.98	122.88
1683721109.51	18.55	-7.98	122.88
1683721109.61	18.65	-7.88	125.25
1683721109.71	18.65	-7.88	125.25
1683721109.81	18.75	-7.77	127.86
1683721109.91	18.75	-7.77	127.86
1683721110.01	18.85	-7.65	130.82
1683721110.11	18.85	-7.65	130.82
1683721110.21	18.95	-7.52	133.93
1683721110.31	18.95	-7.52	133.93
1683721110.41	19.03	-7.39	137.09
1683721110.51	19.03	-7.39	137.09
1683721110.61	19.11	-7.26	140.39
1683721110.71	19.11	-7.26	140.39
1683721110.81	19.18	-7.12	143.63
1683721110.91	19.18	-7.12	143.63
1683721111.01	19.24	-6.98	146.97
1683721111.11	19.24	-6.98	146.97
1683721111.21	19.29	-6.84	150.24
1683721111.31	19.29	-6.84	150.24
1683721111.41	19.33	-6.69	153.61
1683721111.51	19.33	-6.69	153.61
1683721111.61	19.37	-6.53	157.10
1683721111.71	19.37	-6.53	157.10
1683721111.81	19.40	-6.36	160.55
1683721111.91	19.40	-6.36	160.55
1683721112.01	19.41	-6.20	163.98
1683721112.11	19.41	-6.20	163.98
1683721112.21	19.42	-6.04	167.64
1683721112.31	19.42	-6.04	167.64
1683721112.41	19.42	-5.87	171.24
1683721112.51	19.42	-5.87	171.24
1683721112.61	19.40	-5.71	174.71
1683721112.71	19.40	-5.71	174.71
1683721112.81	19.37	-5.54	178.20
1683721112.91	19.37	-5.54	178.20
1683721113.01	19.35	-5.39	-178.25
1683721113.11	19.35	-5.39	-178.25
1683721113.21	19.31	-5.23	-174.70
1683721113.31	19.31	-5.23	-174.70
1683721113.41	19.24	-5.07	-171.10
1683721113.51	19.24	-5.07	-171.10
1683721113.61	19.18	-4.92	-167.57
1683721113.71	19.18	-4.92	-167.57
1683721113.81	19.11	-4.78	-164.01
1683721113.91	19.11	-4.78	-164.01
1683721114.01	19.02	-4.63	-160.54
1683721114.11	19.02	-4.63	-160.54
1683721114.21	18.94	-4.50	-157.30
1683721114.31	18.94	-4.50	-157.30
1683721114.41	18.85	-4.36	-154.19
1683721114.51	18.85	-4.36	-154.19
1683721114.61	18.75	-4.25	-151.54
1683721114.71	18.75	-4.25	-151.54
1683721114.81	18.65	-4.12	-149.12
1683721114.91	18.65	-4.12	-149.12
1683721115.01	18.56	-4.00	-147.42
1683721115.11	18.56	-4.00	-147.42
1683721115.21	18.46	-3.89	-146.52
1683721115.31	18.46	-3.89	-146.52
1683721115.41	18.37	-3.77	-145.75
1683721115.51	18.37	-3.77	-145.75
1683721115.61	18.28	-3.66	-145.39
1683721115.71	18.28	-3.66	-145.39
1683721115.81	18.20	-3.54	-145.17
1683721115.91	18.20	-3.54	-145.17
1683721116.01	18.11	-3.43	-144.91
1683721116.11	18.11	-3.43	-144.91
1683721116.21	18.02	-3.31	-144.76
1683721116.31	18.02	-3.31	-144.76
1683721116.41	17.94	-3.19	-144.64
1683721116.51	17.94	-3.19	-144.64
1683721116.61	17.84	-3.07	-144.40
1683721116.71	17.84	-3.07	-144.40
1683721116.81	17.76	-2.95	-144.29
1683721116.91	17.76	-2.95	-144.29
1683721117.01	17.67	-2.83	-144.14
1683721117.11	17.67	-2.83	-144.14
1683721117.21	17.57	-2.71	-144.00
1683721117.31	17.57	-2.71	-144.00
1683721117.41	17.48	-2.59	-143.86
1683721117.51	17.48	-2.59	-143.86
1683721117.61	17.40	-2.48	-143.67
1683721117.71	17.40	-2.48	-143.67
1683721117.81	17.30	-2.36	-143.48
1683721117.91	17.30	-2.36	-143.48
1683721118.01	17.20	-2.24	-143.29
1683721118.11	17.20	-2.24	-143.29
1683721118.21	17.12	-2.13	-143.09
1683721118.31	17.12	-2.13	-143.09
1683721118.41	17.02	-2.01	-142.94
1683721118.51	17.02	-2.01	-142.94
1683721118.61	16.93	-1.90	-142.72
1683721118.71	16.93	-1.90	-142.72
1683721118.81	16.84	-1.79	-142.42
1683721118.91	16.84	-1.79	-142.42
1683721119.01	16.76	-1.70	-141.84
1683721119.11	16.76	-1.70	-141.84
1683721119.21	16.68	-1.61	-141.18
1683721119.31	16.68	-1.61	-141.18
1683721119.41	16.59	-1.51	-139.99
1683721119.51	16.59	-1.51	-139.99
1683721119.61	16.49	-1.42	-138.32
1683721119.71	16.49	-1.42	-138.32
1683721119.81	16.38	-1.35	-136.19
1683721119.91	16.38	-1.35	-136.19
1683721120.01	16.27	-1.27	-134.03
1683721120.11	16.27	-1.27	-134.03
1683721120.21	16.17	-1.20	-131.97
1683721120.31	16.17	-1.20	-131.97
1683721120.41	16.07	-1.14	-129.99
1683721120.51	16.07	-1.14	-129.99
1683721120.61	15.96	-1.08	-127.89
1683721120.71	15.96	-1.08	-127.89
1683721120.81	15.85	-1.02	-126.15
1683721120.91	15.85	-1.02	-126.15
1683721121.01	15.74	-0.96	-125.00
1683721121.11	15.74	-0.96	-125.00
1683721121.21	15.64	-0.90	-123.96
1683721121.31	15.64	-0.90	-123.96
1683721121.41	15.53	-0.83	-123.42
1683721121.51	15.53	-0.83	-123.42
1683721121.61	15.44	-0.77	-123.27
1683721121.71	15.44	-0.77	-123.27
1683721121.81	15.33	-0.72	-123.13
1683721121.91	15.33	-0.72	-123.13
1683721122.01	15.23	-0.65	-122.90
1683721122.11	15.23	-0.65	-122.90
1683721122.21	15.13	-0.59	-122.79
1683721122.31	15.13	-0.59	-122.79
1683721122.41	15.02	-0.53	-122.69
1683721122.51	15.02	-0.53	-122.69
1683721122.61	14.92	-0.47	-122.52
1683721122.71	14.92	-0.47	-122.52
1683721122.81	14.81	-0.40	-122.37
1683721122.91	14.81	-0.40	-122.37
1683721123.01	14.69	-0.33	-122.18
1683721123.11	14.69	-0.33	-122.18
1683721123.21	14.57	-0.26	-121.94
1683721123.31	14.57	-0.26	-121.94
1683721123.41	14.46	-0.20	-121.73
1683721123.51	14.46	-0.20	-121.73
1683721123.61	14.35	-0.13	-121.51
1683721123.71	14.35	-0.13	-121.51
1683721123.81	14.23	-0.06	-121.31
1683721123.91	14.23	-0.06	-121.31
1683721124.01	14.11	0.00	-121.19
1683721124.11	14.11	0.00	-121.19
1683721124.20	14.00	0.06	-121.04
1683721124.30	14.00	0.06	-121.04
1683721124.40	13.89	0.13	-120.89
1683721124.50	13.89	0.13	-120.89
1683721124.60	13.78	0.19	-120.59
1683721124.70	13.78	0.19	-120.59
1683721124.80	13.66	0.25	-119.95
1683721124.90	13.66	0.25	-119.95
1683721125.00	13.55	0.30	-118.96
1683721125.10	13.55	0.30	-118.96
1683721125.20	13.43	0.35	-118.06
1683721125.30	13.43	0.35	-118.06
1683721125.40	13.32	0.39	-117.11
1683721125.50	13.32	0.39	-117.11
1683721125.60	13.21	0.44	-116.09
1683721125.70	13.21	0.44	-116.09
1683721125.80	13.10	0.48	-115.02
1683721125.90	13.10	0.48	-115.02
1683721126.00	13.00	0.51	-114.36
1683721126.10	13.00	0.51	-114.36
1683721126.20	12.90	0.56	-114.21
1683721126.30	12.90	0.56	-114.21
1683721126.40	12.80	0.60	-114.08
1683721126.50	12.80	0.60	-114.08
1683721126.60	12.69	0.64	-113.96
1683721126.70	12.69	0.64	-113.96
1683721126.80	12.59	0.68	-113.76
1683721126.90	12.59	0.68	-113.76
1683721127.00	12.49	0.72	-113.53
1683721127.10	12.49	0.72	-113.53
1683721127.20	12.35	0.77	-113.23
1683721127.30	12.35	0.77	-113.23
1683721127.40	12.23	0.81	-113.00
1683721127.50	12.23	0.81	-113.00
1683721127.60	12.11	0.86	-112.70
1683721127.70	12.11	0.86	-112.70
1683721127.80	11.99	0.90	-112.49
1683721127.90	11.99	0.90	-112.49
1683721128.00	11.89	0.95	-112.53
1683721128.10	11.89	0.95	-112.53
1683721128.20	11.77	0.99	-112.32
1683721128.30	11.77	0.99	-112.32
1683721128.40	11.63	1.04	-111.85
1683721128.50	11.63	1.04	-111.85
1683721128.60	11.49	1.09	-111.66
1683721128.70	11.49	1.09	-111.66
1683721128.80	11.36	1.14	-111.22
1683721128.90	11.36	1.14	-111.22
1683721129.00	11.25	1.16	-111.16
1683721129.10	11.25	1.16	-111.16
1683721129.20	11.12	1.21	-111.09
1683721129.30	11.12	1.21	-111.09
1683721129.40	11.00	1.25	-110.83
1683721129.50	11.00	1.25	-110.83
1683721129.60	10.87	1.30	-111.30
1683721129.70	10.87	1.30	-111.30
1683721129.80	10.75	1.37	-111.84
1683721129.90	10.75	1.37	-111.84
1683721130.00	10.63	1.40	-112.35
1683721130.10	10.63	1.40	-112.35
1683721130.20	10.52	1.43	-113.55
1683721130.30	10.52	1.43	-113.55
1683721130.40	10.40	1.52	-115.22
1683721130.50	10.40	1.52	-115.22
1683721130.60	10.27	1.59	-116.99
1683721130.70	10.27	1.59	-116.99
1683721130.80	10.16	1.66	-118.82
1683721130.90	10.16	1.66	-118.82
1683721131.00	10.04	1.75	-120.60
1683721131.10	10.04	1.75	-120.60
1683721131.20	9.93	1.84	-122.81
1683721131.30	9.93	1.84	-122.81
1683721131.40	9.82	1.94	-125.37
1683721131.50	9.82	1.94	-125.37
1683721131.60	9.74	2.02	-127.99
1683721131.70	9.74	2.02	-127.99
1683721131.80	9.68	2.08	-130.07
1683721131.90	9.68	2.08	-130.07
1683721132.00	9.65	2.13	-131.88
1683721132.10	9.65	2.13	-131.88
1683721132.20	9.62	2.17	-133.61
1683721132.30	9.62	2.17	-133.61
1683721132.40	9.58	2.24	-135.91
1683721132.50	9.58	2.24	-135.91
1683721132.60	9.54	2.32	-138.65
1683721132.70	9.54	2.32	-138.65
1683721132.80	9.51	2.40	-141.40
1683721132.90	9.51	2.40	-141.40
1683721133.00	9.47	2.48	-144.13
1683721133.10	9.47	2.48	-144.13
1683721133.20	9.44	2.56	-146.93
1683721133.30	9.44	2.56	-146.93
1683721133.40	9.41	2.67	-149.84
1683721133.50	9.41	2.67	-149.84
1683721133.60	9.39	2.78	-152.82
1683721133.70	9.39	2.78	-152.82
1683721133.80	9.38	2.86	-155.86
1683721133.90	9.38	2.86	-155.86
1683721134.00	9.36	2.95	-158.93
1683721134.10	9.36	2.95	-158.93
1683721134.20	9.35	3.05	-161.79
1683721134.30	9.35	3.05	-161.79
1683721134.40	9.34	3.14	-164.26
1683721134.50	9.34	3.14	-164.26
1683721134.60	9.34	3.23	-166.91
1683721134.70	9.34	3.23	-166.91
1683721134.80	9.35	3.31	-169.39
1683721134.90	9.35	3.31	-169.39
1683721135.00	9.35	3.40	-171.82
1683721135.10	9.35	3.40	-171.82
1683721135.20	9.36	3.48	-174.01
1683721135.30	9.36	3.48	-174.01
1683721135.40	9.37	3.56	-176.42
1683721135.50	9.37	3.56	-176.42
1683721135.60	9.38	3.65	-178.73
1683721135.70	9.38	3.65	-178.73
1683721135.80	9.38	3.71	179.06
1683721135.90	9.38	3.71	179.06
1683721136.00	9.40	3.79	176.88
1683721136.10	9.40	3.79	176.88
1683721136.20	9.42	3.87	175.13
1683721136.30	9.42	3.87	175.13
1683721136.40	9.44	3.96	173.68
1683721136.50	9.44	3.96	173.68
1683721136.60	9.46	4.05	172.70
1683721136.70	9.46	4.05	172.70
1683721136.80	9.49	4.21	172.92
1683721136.90	9.49	4.21	172.92
1683721137.00	9.49	4.36	173.04
1683721137.10	9.49	4.36	173.04
1683721137.20	9.51	4.46	173.08
1683721137.30	9.51	4.46	173.08
1683721137.40	9.52	4.58	173.22
1683721137.50	9.52	4.58	173.22
1683721137.60	9.52	4.71	173.76
1683721137.69	9.52	4.71	173.76
1683721137.79	9.53	4.86	174.59
1683721137.89	9.53	4.86	174.59
1683721137.99	9.53	5.00	175.56
1683721138.09	9.53	5.00	175.56
1683721138.19	9.52	5.14	176.74
1683721138.29	9.52	5.14	176.74
1683721138.39	9.52	5.26	177.85
1683721138.49	9.52	5.26	177.85
1683721138.59	9.51	5.40	178.90
1683721138.69	9.51	5.40	178.90
1683721138.79	9.50	5.52	-179.84
1683721138.89	9.50	5.52	-179.84
1683721138.99	9.48	5.62	-178.77
1683721139.09	9.48	5.62	-178.77
1683721139.19	9.48	5.75	-178.46
1683721139.29	9.48	5.75	-178.46
1683721139.39	9.47	5.90	-178.28
1683721139.49	9.47	5.90	-178.28
1683721139.59	9.47	6.04	-178.17
1683721139.69	9.47	6.04	-178.17
1683721139.79	9.45	6.19	-177.95
1683721139.89	9.45	6.19	-177.95
1683721139.99	9.45	6.33	-177.70
1683721140.09	9.45	6.33	-177.70
1683721140.19	9.43	6.48	-177.61
1683721140.29	9.43	6.48	-177.61
1683721140.39	9.43	6.64	-177.37
1683721140.49	9.43	6.64	-177.37
1683721140.59	9.41	6.80	-177.12
1683721140.69	9.41	6.80	-177.12
1683721140.79	9.39	6.98	-176.99
1683721140.89	9.39	6.98	-176.99
1683721140.99	9.38	7.18	-176.73
1683721141.09	9.38	7.18	-176.73
1683721141.19	9.37	7.36	-176.52
1683721141.29	9.37	7.36	-176.52
1683721141.39	9.35	7.52	-176.31
1683721141.49	9.35	7.52	-176.31
1683721141.59	9.33	7.70	-176.10
1683721141.69	9.33	7.70	-176.10
1683721141.79	9.31	7.86	-175.85
1683721141.89	9.31	7.86	-175.85
1683721141.99	9.29	8.06	-175.78
1683721142.09	9.29	8.06	-175.78
1683721142.19	9.26	8.24	-175.56
1683721142.29	9.26	8.24	-175.56
1683721142.39	9.25	8.42	-175.33
1683721142.49	9.25	8.42	-175.33
1683721142.59	9.23	8.60	-175.15
1683721142.69	9.23	8.60	-175.15
1683721142.79	9.21	8.80	-175.01
1683721142.89	9.21	8.80	-175.01
1683721142.99	9.19	8.98	-174.86
1683721143.09	9.19	8.98	-174.86
1683721143.19	9.17	9.15	-174.63
1683721143.29	9.17	9.15	-174.63
1683721143.39	9.15	9.34	-174.39
1683721143.49	9.15	9.34	-174.39
1683721143.59	9.12	9.50	-174.19
1683721143.69	9.12	9.50	-174.19
1683721143.79	9.10	9.69	-174.01
1683721143.89	9.10	9.69	-174.01
1683721143.99	9.07	9.84	-173.76
1683721144.09	9.07	9.84	-173.76
1683721144.19	9.05	10.03	-173.53
1683721144.29	9.05	10.03	-173.53
1683721144.39	9.03	10.20	-173.42
1683721144.49	9.03	10.20	-173.42
1683721144.59	9.00	10.40	-173.20
1683721144.69	9.00	10.40	-173.20
1683721144.79	8.97	10.58	-173.13
1683721144.89	8.97	10.58	-173.13
1683721144.99	8.94	10.78	-172.89
1683721145.09	8.94	10.78	-172.89
1683721145.19	8.92	10.97	-172.76
1683721145.29	8.92	10.97	-172.76
1683721145.39	8.90	11.13	-173.39
1683721145.49	8.90	11.13	-173.39
1683721145.59	8.89	11.29	-174.44
1683721145.69	8.89	11.29	-174.44
1683721145.79	8.87	11.48	-175.53
1683721145.89	8.87	11.48	-175.53
1683721145.99	8.87	11.67	-176.63
1683721146.09	8.87	11.67	-176.63
1683721146.19	8.87	11.87	-178.01
1683721146.29	8.87	11.87	-178.01
1683721146.39	8.87	12.07	-179.30
1683721146.49	8.87	12.07	-179.30
1683721146.59	8.86	12.23	-179.55
1683721146.69	8.86	12.23	-179.55
1683721146.79	8.86	12.39	-179.46
1683721146.89	8.86	12.39	-179.46
1683721146.99	8.85	12.55	-179.39
1683721147.09	8.85	12.55	-179.39
1683721147.19	8.85	12.72	-179.41
1683721147.29	8.85	12.72	-179.41
1683721147.39	8.85	12.88	-179.34
1683721147.49	8.85	12.88	-179.34
1683721147.59	8.84	13.06	-179.43
1683721147.69	8.84	13.06	-179.43
1683721147.79	8.83	13.25	-179.36
1683721147.89	8.83	13.25	-179.36
1683721147.99	8.83	13.40	-179.41
1683721148.09	8.83	13.40	-179.41
1683721148.19	8.83	13.57	-179.35
1683721148.29	8.83	13.57	-179.35
1683721148.39	8.82	13.75	-179.30
1683721148.49	8.82	13.75	-179.30
1683721148.59	8.81	13.94	-179.22
1683721148.69	8.81	13.94	-179.22
1683721148.79	8.80	14.14	-179.03
1683721148.89	8.80	14.14	-179.03
1683721148.99	8.80	14.32	-179.01
1683721149.09	8.80	14.32	-179.01
1683721149.19	8.79	14.50	-179.00
1683721149.29	8.79	14.50	-179.00
1683721149.39	8.78	14.68	-178.99
1683721149.49	8.78	14.68	-178.99
1683721149.59	8.78	14.87	-178.81
1683721149.69	8.78	14.87	-178.81
1683721149.79	8.77	15.04	-178.68
1683721149.89	8.77	15.04	-178.68
1683721149.99	8.76	15.24	-178.60
1683721150.09	8.76	15.24	-178.60
1683721150.19	8.75	15.44	-178.62
1683721150.29	8.75	15.44	-178.62
1683721150.39	8.74	15.62	-178.56
1683721150.49	8.74	15.62	-178.56
1683721150.59	8.73	15.76	-178.48
1683721150.69	8.73	15.76	-178.48
1683721150.79	8.72	15.95	-178.51
1683721150.89	8.72	15.95	-178.51
1683721150.99	8.72	16.13	-178.52
1683721151.09	8.72	16.13	-178.52
1683721151.19	8.71	16.32	-178.59
1683721151.29	8.71	16.32	-178.59
1683721151.39	8.71	16.51	-178.50
1683721151.49	8.71	16.51	-178.50
1683721151.59	8.70	16.67	-178.45
1683721151.68	8.70	16.67	-178.45
1683721151.78	8.69	16.84	-178.42
1683721151.88	8.69	16.84	-178.42
1683721151.98	8.68	17.02	-178.42
1683721152.08	8.68	17.02	-178.42
1683721152.18	8.68	17.20	-178.33
1683721152.28	8.68	17.20	-178.33
1683721152.38	8.67	17.38	-178.23
1683721152.48	8.67	17.38	-178.23
1683721152.58	8.66	17.60	-178.12
1683721152.68	8.66	17.60	-178.12
1683721152.78	8.64	17.77	-177.97
1683721152.88	8.64	17.77	-177.97
1683721152.98	8.63	17.97	-177.92
1683721153.08	8.63	17.97	-177.92
1683721153.18	8.62	18.14	-177.85
1683721153.28	8.62	18.14	-177.85
1683721153.38	8.60	18.34	-177.70
1683721153.48	8.60	18.34	-177.70
1683721153.58	8.59	18.55	-177.59
1683721153.68	8.59	18.55	-177.59
1683721153.78	8.57	18.75	-177.58
1683721153.88	8.57	18.75	-177.58
1683721153.98	8.56	18.90	-177.62
1683721154.08	8.56	18.90	-177.62
1683721154.18	8.55	19.07	-177.63
1683721154.28	8.55	19.07	-177.63
1683721154.38	8.54	19.28	-177.62
1683721154.48	8.54	19.28	-177.62
1683721154.58	8.52	19.50	-177.53
1683721154.68	8.52	19.50	-177.53
1683721154.78	8.51	19.70	-177.51
1683721154.88	8.51	19.70	-177.51
1683721154.98	8.49	19.92	-177.42
1683721155.08	8.49	19.92	-177.42
1683721155.18	8.48	20.10	-177.37
1683721155.28	8.48	20.10	-177.37
1683721155.38	8.48	20.29	-177.30
1683721155.48	8.48	20.29	-177.30
1683721155.58	8.46	20.48	-177.29
1683721155.68	8.46	20.48	-177.29
1683721155.78	8.45	20.68	-177.12
1683721155.88	8.45	20.68	-177.12
1683721155.98	8.44	20.87	-177.06
1683721156.08	8.44	20.87	-177.06
1683721156.18	8.42	21.04	-177.11
1683721156.28	8.42	21.04	-177.11
1683721156.38	8.41	21.23	-177.15
1683721156.48	8.41	21.23	-177.15
1683721156.58	8.40	21.40	-177.05
1683721156.68	8.40	21.40	-177.05
1683721156.78	8.39	21.60	-176.93
1683721156.88	8.39	21.60	-176.93
1683721156.98	8.37	21.77	-176.83
1683721157.08	8.37	21.77	-176.83
1683721157.18	8.36	21.97	-176.73
1683721157.28	8.36	21.97	-176.73
1683721157.38	8.34	22.16	-176.72
1683721157.48	8.34	22.16	-176.72
1683721157.58	8.32	22.34	-176.54
1683721157.68	8.32	22.34	-176.54
1683721157.78	8.30	22.51	-176.45
1683721157.88	8.30	22.51	-176.45
1683721157.98	8.29	22.68	-176.39
1683721158.08	8.29	22.68	-176.39
1683721158.18	8.28	22.86	-176.33
1683721158.28	8.28	22.86	-176.33
1683721158.38	8.26	23.01	-176.35
1683721158.48	8.26	23.01	-176.35
1683721158.58	8.25	23.19	-176.24
1683721158.68	8.25	23.19	-176.24
1683721158.78	8.23	23.35	-176.19
1683721158.88	8.23	23.35	-176.19
1683721158.98	8.21	23.51	-175.56
1683721159.08	8.21	23.51	-175.56
1683721159.18	8.18	23.64	-174.17
1683721159.28	8.18	23.64	-174.17
1683721159.38	8.15	23.75	-172.69
1683721159.48	8.15	23.75	-172.69
1683721159.58	8.11	23.85	-170.99
1683721159.68	8.11	23.85	-170.99
1683721159.78	8.06	23.98	-168.64
1683721159.88	8.06	23.98	-168.64
1683721159.98	7.99	24.11	-165.30
1683721160.08	7.99	24.11	-165.30
1683721160.18	7.94	24.21	-162.66
1683721160.28	7.94	24.21	-162.66
1683721160.38	7.90	24.27	-160.88
1683721160.48	7.90	24.27	-160.88
1683721160.58	7.87	24.31	-159.43
1683721160.68	7.87	24.31	-159.43
1683721160.78	7.84	24.38	-157.90
1683721160.88	7.84	24.38	-157.90
1683721160.98	7.77	24.46	-155.64
1683721161.08	7.77	24.46	-155.64
1683721161.18	7.71	24.54	-153.09
1683721161.28	7.71	24.54	-153.09
1683721161.38	7.64	24.62	-150.54
1683721161.48	7.64	24.62	-150.54
1683721161.58	7.58	24.69	-148.11
1683721161.68	7.58	24.69	-148.11
1683721161.78	7.51	24.75	-145.80
1683721161.88	7.51	24.75	-145.80
1683721161.98	7.44	24.82	-143.42
1683721162.08	7.44	24.82	-143.42
1683721162.18	7.37	24.88	-141.06
1683721162.28	7.37	24.88	-141.06
1683721162.38	7.28	24.94	-138.61
1683721162.48	7.28	24.94	-138.61
1683721162.58	7.20	24.99	-136.06
1683721162.68	7.20	24.99	-136.06
1683721162.78	7.10	25.05	-133.00
1683721162.88	7.10	25.05	-133.00
1683721162.98	7.01	25.08	-129.45
1683721163.08	7.01	25.08	-129.45
1683721163.18	6.92	25.12	-125.97
1683721163.28	6.92	25.12	-125.97
1683721163.38	6.82	25.14	-122.59
1683721163.48	6.82	25.14	-122.59
1683721163.58	6.71	25.15	-119.04
1683721163.68	6.71	25.15	-119.04
1683721163.78	6.62	25.17	-115.62
1683721163.88	6.62	25.17	-115.62
1683721163.98	6.53	25.18	-112.07
1683721164.08	6.53	25.18	-112.07
1683721164.18	6.43	25.18	-108.65
1683721164.28	6.43	25.18	-108.65
1683721164.37	6.34	25.18	-105.23
1683721164.47	6.34	25.18	-105.23
1683721164.57	6.25	25.17	-102.01
1683721164.67	6.25	25.17	-102.01
1683721164.77	6.17	25.15	-99.03
1683721164.87	6.17	25.15	-99.03
1683721164.97	6.08	25.12	-96.54
1683721165.07	6.08	25.12	-96.54
1683721165.17	5.99	25.11	-94.79
1683721165.27	5.99	25.11	-94.79
1683721165.37	5.90	25.10	-93.48
1683721165.47	5.90	25.10	-93.48
1683721165.57	5.78	25.09	-93.00
1683721165.67	5.78	25.09	-93.00
1683721165.77	5.63	25.09	-92.81
1683721165.87	5.63	25.09	-92.81
1683721165.97	5.48	25.08	-92.69
1683721166.07	5.48	25.08	-92.69
1683721166.17	5.35	25.10	-92.71
1683721166.27	5.35	25.10	-92.71
1683721166.37	5.21	25.10	-92.49
1683721166.47	5.21	25.10	-92.49
1683721166.57	5.08	25.11	-92.45
1683721166.67	5.08	25.11	-92.45
1683721166.77	4.91	25.11	-92.21
1683721166.87	4.91	25.11	-92.21
1683721166.97	4.76	25.11	-92.06
1683721167.07	4.76	25.11	-92.06
1683721167.17	4.60	25.10	-91.96
1683721167.27	4.60	25.10	-91.96
1683721167.37	4.45	25.11	-91.89
1683721167.47	4.45	25.11	-91.89
1683721167.57	4.28	25.11	-91.79
1683721167.67	4.28	25.11	-91.79
1683721167.77	4.12	25.11	-91.61
1683721167.87	4.12	25.11	-91.61
1683721167.97	3.97	25.11	-91.38
1683721168.07	3.97	25.11	-91.38
1683721168.17	3.82	25.12	-91.21
1683721168.27	3.82	25.12	-91.21
1683721168.37	3.68	25.12	-90.99
1683721168.47	3.68	25.12	-90.99
1683721168.57	3.55	25.12	-90.79
1683721168.67	3.55	25.12	-90.79
1683721168.77	3.39	25.12	-90.68
1683721168.87	3.39	25.12	-90.68
1683721168.97	3.24	25.11	-90.46
1683721169.07	3.24	25.11	-90.46
1683721169.17	3.08	25.12	-89.79
1683721169.27	3.08	25.12	-89.79
1683721169.37	2.94	25.09	-88.54
1683721169.47	2.94	25.09	-88.54
1683721169.57	2.81	25.05	-86.62
1683721169.67	2.81	25.05	-86.62
1683721169.77	2.68	25.02	-84.45
1683721169.87	2.68	25.02	-84.45
1683721169.97	2.56	24.98	-82.31
1683721170.07	2.56	24.98	-82.31
1683721170.17	2.43	24.93	-79.42
1683721170.27	2.43	24.93	-79.42
1683721170.37	2.32	24.87	-76.29
1683721170.47	2.32	24.87	-76.29
1683721170.57	2.25	24.84	-73.98
1683721170.67	2.25	24.84	-73.98
1683721170.77	2.21	24.81	-72.38
1683721170.87	2.21	24.81	-72.38
1683721170.97	2.17	24.78	-70.87
1683721171.07	2.17	24.78	-70.87
1683721171.17	2.12	24.74	-68.95
1683721171.27	2.12	24.74	-68.95
1683721171.37	2.05	24.68	-66.27
1683721171.47	2.05	24.68	-66.27
1683721171.57	1.99	24.62	-63.53
1683721171.67	1.99	24.62	-63.53
1683721171.77	1.93	24.55	-60.67
1683721171.87	1.93	24.55	-60.67
1683721171.97	1.87	24.48	-57.90
1683721172.07	1.87	24.48	-57.90
1683721172.17	1.83	24.42	-54.99
1683721172.27	1.83	24.42	-54.99
1683721172.37	1.78	24.35	-52.11
1683721172.47	1.78	24.35	-52.11
1683721172.57	1.72	24.28	-49.11
1683721172.67	1.72	24.28	-49.11
1683721172.77	1.68	24.20	-46.19
1683721172.87	1.68	24.20	-46.19
1683721172.97	1.64	24.12	-43.28
1683721173.07	1.64	24.12	-43.28
1683721173.17	1.60	24.03	-40.13
1683721173.27	1.60	24.03	-40.13
1683721173.37	1.57	23.93	-36.89
1683721173.47	1.57	23.93	-36.89
1683721173.57	1.56	23.85	-33.58
1683721173.67	1.56	23.85	-33.58
1683721173.77	1.53	23.78	-30.74
1683721173.87	1.53	23.78	-30.74
1683721173.97	1.53	23.72	-28.20
1683721174.07	1.53	23.72	-28.20
1683721174.17	1.53	23.66	-25.55
1683721174.27	1.53	23.66	-25.55
1683721174.37	1.52	23.59	-22.77
1683721174.47	1.52	23.59	-22.77
1683721174.57	1.52	23.51	-19.90
1683721174.67	1.52	23.51	-19.90
1683721174.77	1.52	23.42	-17.02
1683721174.87	1.52	23.42	-17.02
1683721174.97	1.52	23.35	-14.16
1683721175.07	1.52	23.35	-14.16
1683721175.17	1.53	23.29	-11.50
1683721175.27	1.53	23.29	-11.50
1683721175.37	1.55	23.22	-9.02
1683721175.47	1.55	23.22	-9.02
1683721175.57	1.56	23.13	-6.88
1683721175.67	1.56	23.13	-6.88
1683721175.77	1.56	23.07	-5.13
1683721175.87	1.56	23.07	-5.13
1683721175.97	1.57	22.99	-3.28
1683721176.07	1.57	22.99	-3.28
1683721176.17	1.58	22.88	-1.29
1683721176.27	1.58	22.88	-1.29
1683721176.37	1.60	22.76	0.71
1683721176.47	1.60	22.76	0.71
1683721176.57	1.61	22.68	1.00
1683721176.67	1.61	22.68	1.00
1683721176.77	1.61	22.62	1.15
1683721176.87	1.61	22.62	1.15
1683721176.97	1.61	22.55	1.24
1683721177.07	1.61	22.55	1.24
1683721177.17	1.62	22.41	1.40
1683721177.27	1.62	22.41	1.40
1683721177.37	1.62	22.24	1.54
1683721177.46	1.62	22.24	1.54
1683721177.56	1.63	22.12	1.75
1683721177.66	1.63	22.12	1.75
1683721177.76	1.65	21.99	1.88
1683721177.86	1.65	21.99	1.88
1683721177.96	1.66	21.88	1.96
1683721178.06	1.66	21.88	1.96
1683721178.16	1.68	21.77	2.14
1683721178.26	1.68	21.77	2.14
1683721178.36	1.68	21.60	2.23
1683721178.46	1.68	21.60	2.23
1683721178.56	1.69	21.47	2.44
1683721178.66	1.69	21.47	2.44
1683721178.76	1.70	21.32	2.66
1683721178.86	1.70	21.32	2.66
1683721178.96	1.72	21.14	2.81
1683721179.06	1.72	21.14	2.81
1683721179.16	1.73	21.03	3.08
1683721179.26	1.73	21.03	3.08
1683721179.36	1.74	20.88	3.40
1683721179.46	1.74	20.88	3.40
1683721179.56	1.75	20.75	3.59
1683721179.66	1.75	20.75	3.59
1683721179.76	1.78	20.66	3.50
1683721179.86	1.78	20.66	3.50
1683721179.96	1.80	20.55	3.57
1683721180.06	1.80	20.55	3.57
1683721180.16	1.81	20.43	3.65
1683721180.26	1.81	20.43	3.65
1683721180.36	1.83	20.35	3.59
1683721180.46	1.83	20.35	3.59
1683721180.56	1.87	20.32	3.41
1683721180.66	1.87	20.32	3.41
1683721180.76	1.86	20.08	3.87
1683721180.86	1.86	20.08	3.87
1683721180.96	1.88	20.00	4.01
1683721181.06	1.88	20.00	4.01
1683721181.16	1.87	19.88	4.46
1683721181.26	1.87	19.88	4.46
1683721181.36	1.88	19.80	4.69
1683721181.46	1.88	19.80	4.69
1683721181.56	1.89	19.64	4.95
1683721181.66	1.89	19.64	4.95
1683721181.76	1.91	19.49	5.14
1683721181.86	1.91	19.49	5.14
1683721181.96	1.93	19.33	5.53
1683721182.06	1.93	19.33	5.53
1683721182.16	1.94	19.20	5.65
1683721182.26	1.94	19.20	5.65
1683721182.36	1.95	19.11	5.81
1683721182.46	1.95	19.11	5.81
1683721182.56	1.97	19.01	5.90
1683721182.66	1.97	19.01	5.90
1683721182.76	1.97	18.95	5.92
1683721182.86	1.97	18.95	5.92
1683721182.96	1.97	18.95	5.90
1683721183.06	1.97	18.95	5.90
1683721183.16	1.97	18.96	5.99
1683721183.26	1.97	18.96	5.99
1683721183.36	1.97	18.96	6.00
1683721183.46	1.97	18.96	6.00
1683721183.56	1.97	18.96	5.94
1683721183.66	1.97	18.96	5.94
1683721183.76	1.97	18.96	5.92
1683721183.86	1.97	18.96	5.92
1683721183.96	1.97	18.96	5.91
1683721184.06	1.97	18.96	5.91
1683721184.16	1.97	18.96	5.89
1683721184.26	1.97	18.96	5.89
1683721184.36	1.97	18.98	5.13
1683721184.46	1.97	18.98	5.13
1683721184.56	1.95	19.04	2.60
1683721184.66	1.95	19.04	2.60
1683721184.76	1.92	19.11	-1.26
1683721184.86	1.92	19.11	-1.26
1683721184.96	1.88	19.20	-5.21
1683721185.06	1.88	19.20	-5.21
1683721185.16	1.85	19.30	-8.91
1683721185.26	1.85	19.30	-8.91
1683721185.36	1.84	19.38	-12.42
1683721185.46	1.84	19.38	-12.42
1683721185.56	1.83	19.45	-15.58
1683721185.66	1.83	19.45	-15.58
1683721185.76	1.83	19.54	-18.91
1683721185.86	1.83	19.54	-18.91
1683721185.96	1.82	19.63	-22.26
1683721186.06	1.82	19.63	-22.26
1683721186.16	1.82	19.70	-25.71
1683721186.26	1.82	19.70	-25.71
1683721186.36	1.83	19.79	-29.16
1683721186.46	1.83	19.79	-29.16
1683721186.56	1.84	19.87	-32.46
1683721186.66	1.84	19.87	-32.46
1683721186.76	1.86	19.96	-35.79
1683721186.86	1.86	19.96	-35.79
1683721186.96	1.88	20.02	-39.03
1683721187.06	1.88	20.02	-39.03
1683721187.16	1.90	20.09	-42.39
1683721187.26	1.90	20.09	-42.39
1683721187.36	1.93	20.16	-45.43
1683721187.46	1.93	20.16	-45.43
1683721187.56	1.96	20.23	-48.54
1683721187.66	1.96	20.23	-48.54
1683721187.76	2.00	20.28	-51.69
1683721187.86	2.00	20.28	-51.69
1683721187.96	2.03	20.34	-54.78
1683721188.06	2.03	20.34	-54.78
1683721188.16	2.07	20.41	-57.88
1683721188.26	2.07	20.41	-57.88
1683721188.36	2.11	20.46	-60.89
1683721188.46	2.11	20.46	-60.89
1683721188.56	2.14	20.50	-63.12
1683721188.66	2.14	20.50	-63.12
1683721188.76	2.14	20.51	-63.62
1683721188.86	2.14	20.51	-63.62
1683721188.96	2.13	20.50	-63.45
1683721189.06	2.13	20.50	-63.45
1683721189.16	2.14	20.51	-63.45
1683721189.26	2.14	20.51	-63.45
1683721189.36	2.14	20.52	-63.51
1683721189.46	2.14	20.52	-63.51
1683721189.56	2.15	20.52	-63.52
1683721189.65	2.15	20.52	-63.52
1683721189.75	2.15	20.52	-63.54
1683721189.85	2.15	20.52	-63.54
1683721189.95	2.15	20.52	-63.55
1683721190.05	2.15	20.52	-63.55
1683721190.15	2.15	20.51	-63.54
1683721190.25	2.15	20.51	-63.54
1683721190.35	2.14	20.51	-63.68
1683721190.45	2.14	20.51	-63.68
1683721190.55	2.12	20.51	-64.89
1683721190.65	2.12	20.51	-64.89
1683721190.75	2.07	20.50	-66.90
1683721190.85	2.07	20.50	-66.90
1683721190.95	2.03	20.51	-68.89
1683721191.05	2.03	20.51	-68.89
1683721191.15	1.98	20.50	-70.88
1683721191.25	1.98	20.50	-70.88
1683721191.35	1.93	20.51	-73.16
1683721191.45	1.93	20.51	-73.16
1683721191.55	1.86	20.51	-75.31
1683721191.65	1.86	20.51	-75.31
1683721191.75	1.80	20.52	-77.51
1683721191.85	1.80	20.52	-77.51
1683721191.95	1.74	20.53	-79.89
1683721192.05	1.74	20.53	-79.89
1683721192.15	1.68	20.55	-82.57
1683721192.25	1.68	20.55	-82.57
1683721192.35	1.62	20.57	-85.21
1683721192.45	1.62	20.57	-85.21
1683721192.55	1.55	20.58	-87.72
1683721192.65	1.55	20.58	-87.72
1683721192.75	1.48	20.61	-90.17
1683721192.85	1.48	20.61	-90.17
1683721192.95	1.43	20.63	-92.66
1683721193.05	1.43	20.63	-92.66
1683721193.15	1.38	20.64	-94.80
1683721193.25	1.38	20.64	-94.80
1683721193.35	1.33	20.66	-96.88
1683721193.45	1.33	20.66	-96.88
1683721193.55	1.29	20.68	-99.25
1683721193.65	1.29	20.68	-99.25
1683721193.75	1.23	20.71	-101.74
1683721193.85	1.23	20.71	-101.74
1683721193.95	1.18	20.74	-103.93
1683721194.05	1.18	20.74	-103.93
1683721194.15	1.14	20.75	-105.24
1683721194.25	1.14	20.75	-105.24
1683721194.35	1.12	20.77	-105.89
1683721194.45	1.12	20.77	-105.89
1683721194.55	1.11	20.77	-106.35
1683721194.65	1.11	20.77	-106.35
1683721194.75	1.07	20.79	-107.22
1683721194.85	1.07	20.79	-107.22
1683721194.95	0.98	20.83	-108.26
1683721195.05	0.98	20.83	-108.26
1683721195.15	0.87	20.87	-108.29
1683721195.25	0.87	20.87	-108.29
1683721195.35	0.79	20.91	-108.14
1683721195.45	0.79	20.91	-108.14
1683721195.55	0.70	20.93	-107.31
1683721195.65	0.70	20.93	-107.31
1683721195.75	0.62	20.97	-106.15
1683721195.85	0.62	20.97	-106.15
1683721195.95	0.54	20.99	-105.47
1683721196.05	0.54	20.99	-105.47
1683721196.15	0.46	21.00	-104.64
1683721196.25	0.46	21.00	-104.64
1683721196.35	0.34	21.00	-103.96
1683721196.45	0.34	21.00	-103.96
1683721196.55	0.21	21.01	-103.59
1683721196.65	0.21	21.01	-103.59
1683721196.75	0.12	21.06	-103.03
1683721196.85	0.12	21.06	-103.03
1683721196.95	0.02	21.08	-102.88
1683721197.05	0.02	21.08	-102.88
1683721197.15	-0.07	21.12	-102.32
1683721197.25	-0.07	21.12	-102.32
1683721197.35	-0.16	21.12	-102.49
1683721197.45	-0.16	21.12	-102.49
1683721197.55	-0.26	21.17	-102.40
1683721197.65	-0.26	21.17	-102.40
1683721197.75	-0.37	21.21	-103.65
1683721197.85	-0.37	21.21	-103.65
1683721197.95	-0.49	21.27	-105.70
1683721198.05	-0.49	21.27	-105.70
1683721198.15	-0.59	21.32	-108.54
1683721198.25	-0.59	21.32	-108.54
1683721198.35	-0.65	21.39	-110.14
1683721198.45	-0.65	21.39	-110.14
1683721198.55	-0.71	21.39	-111.87
1683721198.65	-0.71	21.39	-111.87
1683721198.75	-0.75	21.41	-113.01
1683721198.85	-0.75	21.41	-113.01
1683721198.95	-0.80	21.45	-114.46
1683721199.05	-0.80	21.45	-114.46
1683721199.15	-0.87	21.49	-116.40
1683721199.25	-0.87	21.49	-116.40
1683721199.35	-0.97	21.56	-118.42
1683721199.45	-0.97	21.56	-118.42
1683721199.55	-1.08	21.65	-121.51
1683721199.65	-1.08	21.65	-121.51
1683721199.75	-1.17	21.74	-124.31
1683721199.85	-1.17	21.74	-124.31
1683721199.95	-1.31	21.84	-124.98
1683721200.05	-1.31	21.84	-124.98
1683721200.15	-1.40	21.91	-125.24
1683721200.25	-1.40	21.91	-125.24
1683721200.35	-1.47	21.95	-125.30
1683721200.45	-1.47	21.95	-125.30
1683721200.55	-1.48	21.95	-125.13
1683721200.65	-1.48	21.95	-125.13
1683721200.75	-1.47	21.93	-125.12
1683721200.85	-1.47	21.93	-125.12
1683721200.95	-1.46	21.93	-125.09
1683721201.05	-1.46	21.93	-125.09
1683721201.15	-1.47	21.92	-125.05
1683721201.25	-1.47	21.92	-125.05
1683721201.35	-1.44	21.92	-125.33
1683721201.45	-1.44	21.92	-125.33
1683721201.55	-1.39	21.91	-125.39
1683721201.65	-1.39	21.91	-125.39
1683721201.75	-1.33	21.87	-125.61
1683721201.85	-1.33	21.87	-125.61
1683721201.95	-1.29	21.83	-125.44
1683721202.05	-1.29	21.83	-125.44
1683721202.15	-1.25	21.79	-125.56
1683721202.25	-1.25	21.79	-125.56
1683721202.34	-1.21	21.75	-125.61
1683721202.44	-1.21	21.75	-125.61
1683721202.54	-1.17	21.74	-125.10
1683721202.64	-1.17	21.74	-125.10
1683721202.74	-1.11	21.70	-124.73
1683721202.84	-1.11	21.70	-124.73
1683721202.94	-1.06	21.66	-124.26
1683721203.04	-1.06	21.66	-124.26
1683721203.14	-1.01	21.61	-123.28
1683721203.24	-1.01	21.61	-123.28
1683721203.34	-0.96	21.56	-121.99
1683721203.44	-0.96	21.56	-121.99
1683721203.54	-0.92	21.54	-121.34
1683721203.64	-0.92	21.54	-121.34
1683721203.74	-0.91	21.53	-120.66
1683721203.84	-0.91	21.53	-120.66
1683721203.94	-0.88	21.50	-119.95
1683721204.04	-0.88	21.50	-119.95
1683721204.14	-0.84	21.48	-118.80
1683721204.24	-0.84	21.48	-118.80
1683721204.34	-0.81	21.44	-117.75
1683721204.44	-0.81	21.44	-117.75
1683721204.54	-0.77	21.42	-116.58
1683721204.64	-0.77	21.42	-116.58
1683721204.74	-0.73	21.39	-115.55
1683721204.84	-0.73	21.39	-115.55
1683721204.94	-0.68	21.35	-114.31
1683721205.04	-0.68	21.35	-114.31
1683721205.14	-0.64	21.33	-113.02
1683721205.24	-0.64	21.33	-113.02
1683721205.34	-0.60	21.30	-111.82
1683721205.44	-0.60	21.30	-111.82
1683721205.54	-0.55	21.26	-110.81
1683721205.64	-0.55	21.26	-110.81
1683721205.74	-0.50	21.23	-109.55
1683721205.84	-0.50	21.23	-109.55
1683721205.94	-0.43	21.19	-107.97
1683721206.04	-0.43	21.19	-107.97
1683721206.14	-0.33	21.15	-106.02
1683721206.24	-0.33	21.15	-106.02
1683721206.34	-0.22	21.10	-103.97
1683721206.44	-0.22	21.10	-103.97
1683721206.54	-0.12	21.06	-102.06
1683721206.64	-0.12	21.06	-102.06
1683721206.74	-0.03	21.01	-100.66
1683721206.84	-0.03	21.01	-100.66
1683721206.94	0.06	20.95	-98.93
1683721207.04	0.06	20.95	-98.93
1683721207.14	0.17	20.95	-96.59
1683721207.24	0.17	20.95	-96.59
1683721207.34	0.27	20.91	-95.37
1683721207.44	0.27	20.91	-95.37
1683721207.54	0.39	20.90	-93.54
1683721207.64	0.39	20.90	-93.54
1683721207.74	0.47	20.88	-93.18
1683721207.84	0.47	20.88	-93.18
1683721207.94	0.57	20.90	-92.65
1683721208.04	0.57	20.90	-92.65
1683721208.14	0.67	20.89	-93.20
1683721208.24	0.67	20.89	-93.20
1683721208.34	0.77	20.87	-92.94
1683721208.44	0.77	20.87	-92.94
1683721208.54	0.85	20.84	-90.95
1683721208.64	0.85	20.84	-90.95
1683721208.74	0.97	20.80	-88.75
1683721208.84	0.97	20.80	-88.75
1683721208.94	1.08	20.80	-86.72
1683721209.04	1.08	20.80	-86.72
1683721209.14	1.19	20.79	-84.41
1683721209.24	1.19	20.79	-84.41
1683721209.34	1.25	20.79	-82.58
1683721209.44	1.25	20.79	-82.58
1683721209.54	1.29	20.78	-81.07
1683721209.64	1.29	20.78	-81.07
1683721209.74	1.35	20.78	-79.31
1683721209.84	1.35	20.78	-79.31
1683721209.94	1.43	20.77	-76.63
1683721210.04	1.43	20.77	-76.63
1683721210.14	1.53	20.77	-73.70
1683721210.24	1.53	20.77	-73.70
1683721210.34	1.64	20.78	-70.57
1683721210.44	1.64	20.78	-70.57
1683721210.54	1.75	20.79	-67.49
1683721210.64	1.75	20.79	-67.49
1683721210.74	1.85	20.81	-64.22
1683721210.84	1.85	20.81	-64.22
1683721210.94	1.95	20.84	-60.89
1683721211.04	1.95	20.84	-60.89
1683721211.14	2.06	20.88	-57.83
1683721211.24	2.06	20.88	-57.83
1683721211.34	2.15	20.91	-56.27
1683721211.44	2.15	20.91	-56.27
1683721211.54	2.18	20.93	-56.13
1683721211.64	2.18	20.93	-56.13
1683721211.74	2.17	20.92	-56.06
1683721211.84	2.17	20.92	-56.06
1683721211.94	2.16	20.92	-56.05
1683721212.04	2.16	20.92	-56.05
1683721212.14	2.16	20.91	-55.96
1683721212.24	2.16	20.91	-55.96
1683721212.34	2.15	20.90	-55.25
1683721212.44	2.15	20.90	-55.25
1683721212.54	2.11	20.84	-52.56
1683721212.64	2.11	20.84	-52.56
1683721212.74	2.06	20.76	-48.88
1683721212.84	2.06	20.76	-48.88
1683721212.94	2.03	20.68	-45.04
1683721213.04	2.03	20.68	-45.04
1683721213.14	2.00	20.59	-41.53
1683721213.24	2.00	20.59	-41.53
1683721213.34	1.98	20.52	-38.26
1683721213.44	1.98	20.52	-38.26
1683721213.54	1.95	20.44	-35.09
1683721213.64	1.95	20.44	-35.09
1683721213.74	1.94	20.37	-31.94
1683721213.84	1.94	20.37	-31.94
1683721213.94	1.93	20.30	-28.84
1683721214.04	1.93	20.30	-28.84
1683721214.14	1.92	20.23	-25.73
1683721214.24	1.92	20.23	-25.73
1683721214.34	1.92	20.15	-22.57
1683721214.44	1.92	20.15	-22.57
1683721214.53	1.92	20.08	-19.49
1683721214.63	1.92	20.08	-19.49
1683721214.73	1.93	20.01	-16.61
1683721214.83	1.93	20.01	-16.61
1683721214.93	1.94	19.95	-14.06
1683721215.03	1.94	19.95	-14.06
1683721215.13	1.95	19.89	-11.77
1683721215.23	1.95	19.89	-11.77
1683721215.33	1.96	19.84	-9.59
1683721215.43	1.96	19.84	-9.59
1683721215.53	1.97	19.79	-7.46
1683721215.63	1.97	19.79	-7.46
1683721215.73	1.98	19.75	-5.41
1683721215.83	1.98	19.75	-5.41
1683721215.93	1.99	19.70	-3.54
1683721216.03	1.99	19.70	-3.54
1683721216.13	2.00	19.65	-2.25
1683721216.23	2.00	19.65	-2.25
1683721216.33	2.02	19.60	-1.15
1683721216.43	2.02	19.60	-1.15
1683721216.53	2.03	19.56	-0.00
1683721216.63	2.03	19.56	-0.00
1683721216.73	2.04	19.48	1.58
1683721216.83	2.04	19.48	1.58
1683721216.93	2.06	19.38	2.62
1683721217.03	2.06	19.38	2.62
1683721217.13	2.07	19.27	3.13
1683721217.23	2.07	19.27	3.13
1683721217.33	2.08	19.20	3.25
1683721217.43	2.08	19.20	3.25
1683721217.53	2.09	19.12	3.36
1683721217.63	2.09	19.12	3.36
1683721217.73	2.10	19.00	3.51
1683721217.83	2.10	19.00	3.51
1683721217.93	2.11	18.86	3.63
1683721218.03	2.11	18.86	3.63
1683721218.13	2.11	18.77	3.79
1683721218.23	2.11	18.77	3.79
1683721218.33	2.13	18.66	3.90
1683721218.43	2.13	18.66	3.90
1683721218.53	2.14	18.51	4.10
1683721218.63	2.14	18.51	4.10
1683721218.73	2.15	18.40	4.05
1683721218.83	2.15	18.40	4.05
1683721218.93	2.16	18.30	3.50
1683721219.03	2.16	18.30	3.50
1683721219.13	2.16	18.16	3.16
1683721219.23	2.16	18.16	3.16
1683721219.33	2.17	18.02	2.99
1683721219.43	2.17	18.02	2.99
1683721219.53	2.18	17.93	2.80
1683721219.63	2.18	17.93	2.80
1683721219.73	2.19	17.80	2.80
1683721219.83	2.19	17.80	2.80
1683721219.93	2.20	17.66	2.76
1683721220.03	2.20	17.66	2.76
1683721220.13	2.20	17.57	2.80
1683721220.23	2.20	17.57	2.80
1683721220.33	2.22	17.47	2.84
1683721220.43	2.22	17.47	2.84
1683721220.53	2.23	17.28	3.02
1683721220.63	2.23	17.28	3.02
1683721220.73	2.23	17.15	2.97
1683721220.83	2.23	17.15	2.97
1683721220.93	2.24	17.04	2.66
1683721221.03	2.24	17.04	2.66
1683721221.13	2.24	16.87	2.44
1683721221.23	2.24	16.87	2.44
1683721221.33	2.26	16.76	2.15
1683721221.43	2.26	16.76	2.15
1683721221.53	2.26	16.66	1.77
1683721221.63	2.26	16.66	1.77
1683721221.73	2.26	16.51	1.47
1683721221.83	2.26	16.51	1.47
1683721221.93	2.27	16.37	1.22
1683721222.03	2.27	16.37	1.22
1683721222.13	2.27	16.25	0.84
1683721222.23	2.27	16.25	0.84
1683721222.33	2.27	16.09	0.71
1683721222.43	2.27	16.09	0.71
1683721222.53	2.27	15.97	0.71
1683721222.63	2.27	15.97	0.71
1683721222.73	2.28	15.84	0.65
1683721222.83	2.28	15.84	0.65
1683721222.93	2.29	15.67	0.66
1683721223.03	2.29	15.67	0.66
1683721223.13	2.29	15.55	0.73
1683721223.23	2.29	15.55	0.73
1683721223.33	2.30	15.39	0.73
1683721223.43	2.30	15.39	0.73
1683721223.53	2.31	15.23	0.70
1683721223.63	2.31	15.23	0.70
1683721223.73	2.30	15.13	0.79
1683721223.83	2.30	15.13	0.79
1683721223.93	2.31	15.00	0.78
1683721224.03	2.31	15.00	0.78
1683721224.13	2.31	14.85	0.73
1683721224.23	2.31	14.85	0.73
1683721224.33	2.32	14.71	0.84
1683721224.43	2.32	14.71	0.84
1683721224.53	2.33	14.56	0.84
1683721224.63	2.33	14.56	0.84
1683721224.73	2.34	14.37	0.97
1683721224.83	2.34	14.37	0.97
1683721224.93	2.35	14.23	1.07
1683721225.03	2.35	14.23	1.07
1683721225.13	2.34	14.08	1.18
1683721225.23	2.34	14.08	1.18
1683721225.33	2.35	13.96	1.33
1683721225.43	2.35	13.96	1.33
1683721225.53	2.36	13.83	1.25
1683721225.62	2.36	13.83	1.25
1683721225.72	2.37	13.65	1.31
1683721225.82	2.37	13.65	1.31
1683721225.92	2.38	13.53	1.32
1683721226.02	2.38	13.53	1.32
1683721226.12	2.38	13.32	1.40
1683721226.22	2.38	13.32	1.40
1683721226.32	2.39	13.17	1.49
1683721226.42	2.39	13.17	1.49
1683721226.52	2.40	13.03	1.51
1683721226.62	2.40	13.03	1.51
1683721226.72	2.40	12.83	1.58
1683721226.82	2.40	12.83	1.58
1683721226.92	2.41	12.67	1.68
1683721227.02	2.41	12.67	1.68
1683721227.12	2.43	12.48	1.77
1683721227.22	2.43	12.48	1.77
1683721227.32	2.43	12.33	1.86
1683721227.42	2.43	12.33	1.86
1683721227.52	2.44	12.15	1.81
1683721227.62	2.44	12.15	1.81
1683721227.72	2.45	11.99	1.91
1683721227.82	2.45	11.99	1.91
1683721227.92	2.46	11.88	1.97
1683721228.02	2.46	11.88	1.97
1683721228.12	2.46	11.70	1.98
1683721228.22	2.46	11.70	1.98
1683721228.32	2.48	11.57	1.87
1683721228.42	2.48	11.57	1.87
1683721228.52	2.49	11.41	1.82
1683721228.62	2.49	11.41	1.82
1683721228.72	2.49	11.23	1.39
1683721228.82	2.49	11.23	1.39
1683721228.92	2.49	11.12	0.97
1683721229.02	2.49	11.12	0.97
1683721229.12	2.48	10.97	0.42
1683721229.22	2.48	10.97	0.42
1683721229.32	2.50	10.82	0.06
1683721229.42	2.50	10.82	0.06
1683721229.52	2.49	10.70	-0.62
1683721229.62	2.49	10.70	-0.62
1683721229.72	2.49	10.49	-1.39
1683721229.82	2.49	10.49	-1.39
1683721229.92	2.49	10.32	-1.99
1683721230.02	2.49	10.32	-1.99
1683721230.12	2.48	10.16	-2.49
1683721230.22	2.48	10.16	-2.49
1683721230.32	2.48	9.97	-2.64
1683721230.42	2.48	9.97	-2.64
1683721230.52	2.47	9.83	-2.53
1683721230.62	2.47	9.83	-2.53
1683721230.72	2.47	9.67	-2.60
1683721230.82	2.47	9.67	-2.60
1683721230.92	2.48	9.52	-2.62
1683721231.02	2.48	9.52	-2.62
1683721231.12	2.47	9.39	-2.62
1683721231.22	2.47	9.39	-2.62
1683721231.32	2.47	9.22	-2.61
1683721231.42	2.47	9.22	-2.61
1683721231.52	2.47	9.10	-2.56
1683721231.62	2.47	9.10	-2.56
1683721231.72	2.47	9.02	-2.54
1683721231.82	2.47	9.02	-2.54
1683721231.92	2.46	8.87	-2.51
1683721232.02	2.46	8.87	-2.51
1683721232.12	2.46	8.73	-2.32
1683721232.22	2.46	8.73	-2.32
1683721232.32	2.48	8.61	-1.50
1683721232.42	2.48	8.61	-1.50
1683721232.52	2.48	8.46	0.13
1683721232.62	2.48	8.46	0.13
1683721232.72	2.49	8.34	2.02
1683721232.82	2.49	8.34	2.02
1683721232.92	2.53	8.20	4.52
1683721233.02	2.53	8.20	4.52
1683721233.12	2.58	8.04	7.26
1683721233.22	2.58	8.04	7.26
1683721233.32	2.62	7.91	10.13
1683721233.42	2.62	7.91	10.13
1683721233.52	2.67	7.77	13.00
1683721233.62	2.67	7.77	13.00
1683721233.72	2.74	7.68	16.09
1683721233.82	2.74	7.68	16.09
1683721233.92	2.79	7.59	18.89
1683721234.02	2.79	7.59	18.89
1683721234.12	2.83	7.55	20.99
1683721234.22	2.83	7.55	20.99
1683721234.32	2.87	7.50	22.94
1683721234.42	2.87	7.50	22.94
1683721234.52	2.93	7.44	25.87
1683721234.62	2.93	7.44	25.87
1683721234.72	3.00	7.37	29.25
1683721234.82	3.00	7.37	29.25
1683721234.92	3.08	7.30	32.75
1683721235.02	3.08	7.30	32.75
1683721235.12	3.16	7.24	36.44
1683721235.22	3.16	7.24	36.44
1683721235.32	3.25	7.17	40.47
1683721235.42	3.25	7.17	40.47
1683721235.52	3.35	7.13	44.40
1683721235.62	3.35	7.13	44.40
1683721235.72	3.45	7.08	48.23
1683721235.82	3.45	7.08	48.23
1683721235.92	3.54	7.03	52.21
1683721236.02	3.54	7.03	52.21
1683721236.12	3.64	7.01	56.09
1683721236.22	3.64	7.01	56.09
1683721236.32	3.75	6.98	60.19
1683721236.42	3.75	6.98	60.19
1683721236.52	3.86	6.96	64.61
1683721236.62	3.86	6.96	64.61
1683721236.72	3.96	6.95	68.65
1683721236.82	3.96	6.95	68.65
1683721236.92	4.06	6.95	72.82
1683721237.02	4.06	6.95	72.82
1683721237.11	4.16	6.96	77.14
1683721237.21	4.16	6.96	77.14
1683721237.31	4.26	6.97	80.86
1683721237.41	4.26	6.97	80.86
1683721237.51	4.34	7.01	84.47
1683721237.61	4.34	7.01	84.47
1683721237.71	4.44	7.01	88.30
1683721237.81	4.44	7.01	88.30
1683721237.91	4.52	7.04	91.23
1683721238.01	4.52	7.04	91.23
1683721238.11	4.58	7.06	93.24
1683721238.21	4.58	7.06	93.24
1683721238.31	4.67	7.07	94.88
1683721238.41	4.67	7.07	94.88
1683721238.51	4.78	7.11	95.85
1683721238.61	4.78	7.11	95.85
1683721238.71	4.96	7.21	96.11
1683721238.81	4.96	7.21	96.11
1683721238.91	5.12	7.22	96.50
1683721239.01	5.12	7.22	96.50
1683721239.11	5.22	7.54	98.20
1683721239.21	5.22	7.54	98.20
1683721239.31	5.40	7.27	96.78
1683721239.41	5.40	7.27	96.78
1683721239.51	5.55	7.30	97.08
1683721239.61	5.55	7.30	97.08
1683721239.71	5.69	7.32	97.58
1683721239.81	5.69	7.32	97.58
1683721239.91	5.86	7.36	97.91
1683721240.01	5.86	7.36	97.91
1683721240.11	6.01	7.37	98.07
1683721240.21	6.01	7.37	98.07
1683721240.31	6.17	7.38	98.15
1683721240.41	6.17	7.38	98.15
1683721240.51	6.31	7.40	98.14
1683721240.61	6.31	7.40	98.14
1683721240.71	6.45	7.40	97.88
1683721240.81	6.45	7.40	97.88
1683721240.91	6.59	7.44	97.58
1683721241.01	6.59	7.44	97.58
1683721241.11	6.74	7.47	97.28
1683721241.21	6.74	7.47	97.28
1683721241.31	6.88	7.48	96.47
1683721241.41	6.88	7.48	96.47
1683721241.51	7.01	7.50	95.17
1683721241.61	7.01	7.50	95.17
1683721241.71	7.15	7.49	93.39
1683721241.81	7.15	7.49	93.39
1683721241.91	7.30	7.47	91.35
1683721242.01	7.30	7.47	91.35
1683721242.11	7.44	7.46	89.30
1683721242.21	7.44	7.46	89.30
1683721242.31	7.58	7.44	87.03
1683721242.41	7.58	7.44	87.03
1683721242.51	7.71	7.43	83.97
1683721242.61	7.71	7.43	83.97
1683721242.71	7.83	7.40	81.14
1683721242.81	7.83	7.40	81.14
1683721242.91	7.91	7.36	79.02
1683721243.01	7.91	7.36	79.02
1683721243.11	7.96	7.33	77.00
1683721243.21	7.96	7.33	77.00
1683721243.31	8.02	7.30	74.81
1683721243.41	8.02	7.30	74.81
1683721243.51	8.10	7.26	71.82
1683721243.61	8.10	7.26	71.82
1683721243.71	8.18	7.21	68.38
1683721243.81	8.18	7.21	68.38
1683721243.91	8.26	7.14	64.66
1683721244.01	8.26	7.14	64.66
1683721244.11	8.34	7.06	60.55
1683721244.21	8.34	7.06	60.55
1683721244.31	8.41	6.96	56.26
1683721244.41	8.41	6.96	56.26
1683721244.51	8.49	6.87	51.75
1683721244.61	8.49	6.87	51.75
1683721244.71	8.55	6.78	47.10
1683721244.81	8.55	6.78	47.10
1683721244.91	8.60	6.66	42.33
1683721245.01	8.60	6.66	42.33
1683721245.11	8.64	6.54	37.41
1683721245.21	8.64	6.54	37.41
1683721245.31	8.68	6.42	32.59
1683721245.41	8.68	6.42	32.59
1683721245.51	8.70	6.29	27.77
1683721245.61	8.70	6.29	27.77
1683721245.71	8.72	6.17	22.88
1683721245.81	8.72	6.17	22.88
1683721245.91	8.73	6.04	18.09
1683721246.01	8.73	6.04	18.09
1683721246.11	8.74	5.92	12.97
1683721246.21	8.74	5.92	12.97
1683721246.31	8.73	5.79	7.89
1683721246.41	8.73	5.79	7.89
1683721246.51	8.70	5.66	2.98
1683721246.61	8.70	5.66	2.98
1683721246.71	8.68	5.53	-1.95
1683721246.81	8.68	5.53	-1.95
1683721246.91	8.65	5.42	-6.80
1683721247.01	8.65	5.42	-6.80
1683721247.11	8.60	5.31	-11.94
1683721247.21	8.60	5.31	-11.94
1683721247.31	8.53	5.20	-17.11
1683721247.41	8.53	5.20	-17.11
1683721247.51	8.46	5.10	-22.18
1683721247.61	8.46	5.10	-22.18
1683721247.71	8.38	5.00	-27.38
1683721247.81	8.38	5.00	-27.38
1683721247.91	8.28	4.92	-32.55
1683721248.01	8.28	4.92	-32.55
1683721248.11	8.18	4.84	-37.54
1683721248.21	8.18	4.84	-37.54
1683721248.31	8.07	4.78	-42.64
1683721248.41	8.07	4.78	-42.64
1683721248.51	7.96	4.73	-47.77
1683721248.60	7.96	4.73	-47.77
1683721248.70	7.84	4.67	-52.87
1683721248.80	7.84	4.67	-52.87
1683721248.90	7.70	4.64	-57.89
1683721249.00	7.70	4.64	-57.89
1683721249.10	7.56	4.61	-63.05
1683721249.20	7.56	4.61	-63.05
1683721249.30	7.44	4.59	-67.99
1683721249.40	7.44	4.59	-67.99
1683721249.50	7.31	4.59	-72.57
1683721249.60	7.31	4.59	-72.57
1683721249.70	7.20	4.58	-76.81
1683721249.80	7.20	4.58	-76.81
1683721249.90	7.07	4.59	-80.66
1683721250.00	7.07	4.59	-80.66
1683721250.10	6.95	4.60	-84.10
1683721250.20	6.95	4.60	-84.10
1683721250.30	6.82	4.61	-86.30
1683721250.40	6.82	4.61	-86.30
1683721250.50	6.65	4.61	-87.44
1683721250.60	6.65	4.61	-87.44
1683721250.70	6.44	4.59	-87.87
1683721250.80	6.44	4.59	-87.87
1683721250.90	6.21	4.57	-87.76
1683721251.00	6.21	4.57	-87.76
1683721251.10	6.01	4.57	-87.45
1683721251.20	6.01	4.57	-87.45
1683721251.30	5.82	4.52	-84.62
1683721251.40	5.82	4.52	-84.62
1683721251.50	5.68	4.48	-81.11
1683721251.60	5.68	4.48	-81.11
1683721251.70	5.62	4.46	-78.93
1683721251.80	5.62	4.46	-78.93
1683721251.90	5.57	4.43	-77.41
1683721252.00	5.57	4.43	-77.41
1683721252.10	5.50	4.42	-75.66
1683721252.20	5.50	4.42	-75.66
1683721252.30	5.43	4.37	-73.14
1683721252.40	5.43	4.37	-73.14
1683721252.50	5.36	4.33	-70.23
1683721252.60	5.36	4.33	-70.23
1683721252.70	5.28	4.28	-67.21
1683721252.80	5.28	4.28	-67.21
1683721252.90	5.21	4.23	-64.31
1683721253.00	5.21	4.23	-64.31
1683721253.10	5.16	4.17	-61.89
1683721253.20	5.16	4.17	-61.89
1683721253.30	5.11	4.11	-59.87
1683721253.40	5.11	4.11	-59.87
1683721253.50	5.07	4.06	-57.96
1683721253.60	5.07	4.06	-57.96
1683721253.70	5.02	4.01	-55.80
1683721253.80	5.02	4.01	-55.80
1683721253.90	4.96	3.95	-53.58
1683721254.00	4.96	3.95	-53.58
1683721254.10	4.89	3.87	-51.51
1683721254.20	4.89	3.87	-51.51
1683721254.30	4.81	3.77	-48.76
1683721254.40	4.81	3.77	-48.76
1683721254.50	4.71	3.63	-45.65
1683721254.60	4.71	3.63	-45.65
1683721254.70	4.63	3.48	-42.34
1683721254.80	4.63	3.48	-42.34
1683721254.90	4.57	3.36	-38.73
1683721255.00	4.57	3.36	-38.73
1683721255.10	4.53	3.26	-35.73
1683721255.20	4.53	3.26	-35.73
1683721255.30	4.52	3.19	-33.43
1683721255.40	4.52	3.19	-33.43
1683721255.50	4.50	3.14	-31.47
1683721255.60	4.50	3.14	-31.47
1683721255.70	4.50	3.05	-29.06
1683721255.80	4.50	3.05	-29.06
1683721255.90	4.49	2.99	-25.80
1683721256.00	4.49	2.99	-25.80
1683721256.10	4.53	2.98	-22.62
1683721256.20	4.53	2.98	-22.62
1683721256.30	4.53	2.87	-20.16
1683721256.40	4.53	2.87	-20.16
1683721256.50	4.53	2.80	-17.61
1683721256.60	4.53	2.80	-17.61
1683721256.70	4.54	2.75	-15.14
1683721256.80	4.54	2.75	-15.14
1683721256.90	4.54	2.69	-12.52
1683721257.00	4.54	2.69	-12.52
1683721257.10	4.66	2.67	-9.50
1683721257.20	4.66	2.67	-9.50
1683721257.30	4.65	2.56	-7.11
1683721257.40	4.65	2.56	-7.11
1683721257.50	4.69	2.49	-4.71
1683721257.60	4.69	2.49	-4.71
1683721257.70	4.70	2.43	-2.43
1683721257.80	4.70	2.43	-2.43
1683721257.90	4.71	2.34	-0.78
1683721258.00	4.71	2.34	-0.78
1683721258.10	4.71	2.24	-0.27
1683721258.20	4.71	2.24	-0.27
1683721258.30	4.73	2.09	-0.23
1683721258.40	4.73	2.09	-0.23
1683721258.50	4.73	1.92	0.16
1683721258.60	4.73	1.92	0.16
1683721258.70	4.73	1.77	0.18
1683721258.80	4.73	1.77	0.18
1683721258.90	4.90	1.68	0.74
1683721259.00	4.90	1.68	0.74
1683721259.10	4.85	1.52	0.59
1683721259.20	4.85	1.52	0.59
1683721259.30	4.84	1.38	0.60
1683721259.40	4.84	1.38	0.60
1683721259.50	4.84	1.23	0.03
1683721259.60	4.84	1.23	0.03
1683721259.70	4.83	1.09	-0.45
1683721259.80	4.83	1.09	-0.45
1683721259.90	4.80	0.92	-1.01
1683721260.00	4.80	0.92	-1.01
1683721260.10	4.78	0.76	-1.69
1683721260.20	4.78	0.76	-1.69
1683721260.30	4.89	0.66	-2.89
1683721260.40	4.89	0.66	-2.89
1683721260.50	4.81	0.44	-5.34
1683721260.60	4.81	0.44	-5.34
1683721260.70	4.74	0.25	-7.33
1683721260.80	4.74	0.25	-7.33
1683721260.90	4.69	0.08	-9.58
1683721261.00	4.69	0.08	-9.58
1683721261.10	4.62	-0.09	-12.77
1683721261.20	4.62	-0.09	-12.77
1683721261.29	4.54	-0.29	-16.65
1683721261.39	4.54	-0.29	-16.65
1683721261.49	4.45	-0.48	-20.64
1683721261.59	4.45	-0.48	-20.64
1683721261.69	4.34	-0.65	-24.54
1683721261.79	4.34	-0.65	-24.54
1683721261.89	4.22	-0.81	-28.46
1683721261.99	4.22	-0.81	-28.46
1683721262.09	4.12	-0.93	-31.65
1683721262.19	4.12	-0.93	-31.65
1683721262.29	4.00	-1.04	-34.48
1683721262.39	4.00	-1.04	-34.48
1683721262.49	3.90	-1.15	-37.29
1683721262.59	3.90	-1.15	-37.29
1683721262.69	3.76	-1.28	-40.10
1683721262.79	3.76	-1.28	-40.10
1683721262.89	3.63	-1.40	-42.46
1683721262.99	3.63	-1.40	-42.46
1683721263.09	3.50	-1.52	-44.54
1683721263.19	3.50	-1.52	-44.54
1683721263.29	3.37	-1.62	-46.04
1683721263.39	3.37	-1.62	-46.04
1683721263.49	3.25	-1.74	-47.15
1683721263.59	3.25	-1.74	-47.15
1683721263.69	3.12	-1.86	-47.13
1683721263.79	3.12	-1.86	-47.13
1683721263.89	3.00	-1.97	-46.96
1683721263.99	3.00	-1.97	-46.96
1683721264.09	2.91	-2.07	-47.03
1683721264.19	2.91	-2.07	-47.03
1683721264.29	2.82	-2.15	-47.07
1683721264.39	2.82	-2.15	-47.07
1683721264.49	2.72	-2.24	-47.04
1683721264.59	2.72	-2.24	-47.04
1683721264.69	2.63	-2.33	-47.03
1683721264.79	2.63	-2.33	-47.03
1683721264.89	2.53	-2.43	-46.91
1683721264.99	2.53	-2.43	-46.91
1683721265.09	2.42	-2.53	-46.07
1683721265.19	2.42	-2.53	-46.07
1683721265.29	2.33	-2.64	-44.97
1683721265.39	2.33	-2.64	-44.97
1683721265.49	2.24	-2.75	-43.96
1683721265.59	2.24	-2.75	-43.96
1683721265.69	2.16	-2.85	-42.73
1683721265.79	2.16	-2.85	-42.73
1683721265.89	2.07	-2.97	-41.05
1683721265.99	2.07	-2.97	-41.05
1683721266.09	2.01	-3.09	-38.69
1683721266.19	2.01	-3.09	-38.69
1683721266.29	1.94	-3.22	-36.34
1683721266.39	1.94	-3.22	-36.34
1683721266.49	1.88	-3.35	-33.87
1683721266.59	1.88	-3.35	-33.87
1683721266.69	1.82	-3.48	-31.31
1683721266.79	1.82	-3.48	-31.31
1683721266.89	1.77	-3.61	-28.81
1683721266.99	1.77	-3.61	-28.81
1683721267.09	1.73	-3.75	-26.38
1683721267.19	1.73	-3.75	-26.38
1683721267.29	1.70	-3.89	-23.87
1683721267.39	1.70	-3.89	-23.87
1683721267.49	1.67	-4.02	-21.38
1683721267.59	1.67	-4.02	-21.38
1683721267.69	1.64	-4.16	-18.77
1683721267.79	1.64	-4.16	-18.77
1683721267.89	1.62	-4.30	-16.01
1683721267.99	1.62	-4.30	-16.01
1683721268.09	1.61	-4.43	-13.46
1683721268.19	1.61	-4.43	-13.46
1683721268.29	1.61	-4.56	-11.13
1683721268.39	1.61	-4.56	-11.13
1683721268.49	1.60	-4.65	-10.72
1683721268.59	1.60	-4.65	-10.72
1683721268.69	1.60	-4.68	-10.67
1683721268.79	1.60	-4.68	-10.67
1683721268.89	1.60	-4.66	-10.68
1683721268.99	1.60	-4.66	-10.68
1683721269.09	1.60	-4.66	-10.62
1683721269.19	1.60	-4.66	-10.62
1683721269.29	1.60	-4.66	-10.39
1683721269.39	1.60	-4.66	-10.39
1683721269.49	1.61	-4.62	-9.51
1683721269.59	1.61	-4.62	-9.51
1683721269.69	1.63	-4.58	-8.55
1683721269.79	1.63	-4.58	-8.55
1683721269.89	1.62	-4.56	-8.08
1683721269.99	1.62	-4.56	-8.08
1683721270.09	1.63	-4.54	-7.76
1683721270.19	1.63	-4.54	-7.76
1683721270.29	1.63	-4.51	-7.07
1683721270.39	1.63	-4.51	-7.07
1683721270.49	1.66	-4.45	-5.96
1683721270.59	1.66	-4.45	-5.96
1683721270.69	1.67	-4.41	-4.97
1683721270.79	1.67	-4.41	-4.97
1683721270.89	1.68	-4.38	-4.49
1683721270.99	1.68	-4.38	-4.49
1683721271.09	1.68	-4.38	-4.41
1683721271.19	1.68	-4.38	-4.41
1683721271.29	1.67	-4.38	-4.39
1683721271.39	1.67	-4.38	-4.39
1683721271.49	1.67	-4.39	-4.37
1683721271.59	1.67	-4.39	-4.37
1683721271.69	1.67	-4.39	-4.37
1683721271.79	1.67	-4.39	-4.37
1683721271.89	1.67	-4.38	-4.40
1683721271.99	1.67	-4.38	-4.40
1683721272.09	1.67	-4.38	-4.39
1683721272.19	1.67	-4.38	-4.39
1683721272.29	1.67	-4.38	-4.37
1683721272.39	1.67	-4.38	-4.37
1683721272.49	1.67	-4.38	-4.35
1683721272.59	1.67	-4.38	-4.35
1683721272.69	1.67	-4.38	-4.37
1683721272.79	1.67	-4.38	-4.37
1683721272.89	1.67	-4.39	-4.37
1683721272.98	1.67	-4.39	-4.37
1683721273.08	1.67	-4.38	-4.38
1683721273.18	1.67	-4.38	-4.38
1683721273.28	1.68	-4.38	-4.39
1683721273.38	1.68	-4.38	-4.39
1683721273.48	1.67	-4.38	-4.38
1683721273.58	1.67	-4.38	-4.38
1683721273.68	1.67	-4.38	-4.38
1683721273.78	1.67	-4.38	-4.38
1683721273.88	1.67	-4.38	-4.44
1683721273.98	1.67	-4.38	-4.44
1683721274.08	1.68	-4.38	-4.38
1683721274.18	1.68	-4.38	-4.38
1683721274.28	1.68	-4.38	-4.38
1683721274.38	1.68	-4.38	-4.38
1683721274.48	1.67	-4.38	-4.43
1683721274.58	1.67	-4.38	-4.43
1683721274.68	1.68	-4.39	-4.37
1683721274.78	1.68	-4.39	-4.37
1683721274.88	1.68	-4.38	-4.41
1683721274.98	1.68	-4.38	-4.41
1683721275.08	1.68	-4.38	-4.38
1683721275.18	1.68	-4.38	-4.38
1683721275.28	1.68	-4.39	-4.40
1683721275.38	1.68	-4.39	-4.40
1683721275.48	1.68	-4.39	-4.36
1683721275.58	1.68	-4.39	-4.36
1683721275.68	1.68	-4.39	-4.39
1683721275.78	1.68	-4.39	-4.39
1683721275.88	1.67	-4.38	-4.38
1683721275.98	1.67	-4.38	-4.38
1683721276.08	1.67	-4.39	-4.38
1683721276.18	1.67	-4.39	-4.38
1683721276.28	1.68	-4.39	-4.38
1683721276.38	1.68	-4.39	-4.38
1683721276.48	1.68	-4.39	-4.36
1683721276.58	1.68	-4.39	-4.36
1683721276.68	1.67	-4.38	-4.39
1683721276.78	1.67	-4.38	-4.39
1683721276.88	1.67	-4.38	-4.39
1683721276.98	1.67	-4.38	-4.39
1683721277.08	1.67	-4.38	-4.35
1683721277.18	1.67	-4.38	-4.35
1683721277.28	1.67	-4.38	-4.35
1683721277.38	1.67	-4.38	-4.35
1683721277.48	1.67	-4.38	-4.38
1683721277.58	1.67	-4.38	-4.38
1683721277.68	1.67	-4.38	-4.38
1683721277.78	1.67	-4.38	-4.38
1683721277.88	1.67	-4.38	-4.36
1683721277.98	1.67	-4.38	-4.36
1683721278.08	1.67	-4.38	-4.40
1683721278.18	1.67	-4.38	-4.40
1683721278.28	1.67	-4.39	-4.36
1683721278.38	1.67	-4.39	-4.36
1683721278.48	1.67	-4.38	-4.38
1683721278.58	1.67	-4.38	-4.38
1683721278.68	1.67	-4.38	-4.40
1683721278.78	1.67	-4.38	-4.40
1683721278.88	1.67	-4.38	-4.39
1683721278.98	1.67	-4.38	-4.39
1683721279.08	1.67	-4.38	-4.42
1683721279.18	1.67	-4.38	-4.42
1683721279.28	1.67	-4.37	-4.40
1683721279.38	1.67	-4.37	-4.40
1683721279.48	1.67	-4.38	-4.43
1683721279.58	1.67	-4.38	-4.43
1683721279.68	1.67	-4.38	-4.39
1683721279.78	1.67	-4.38	-4.39
1683721279.88	1.67	-4.38	-4.37
1683721279.98	1.67	-4.38	-4.37
1683721280.08	1.67	-4.38	-4.37
1683721280.18	1.67	-4.38	-4.37
1683721280.28	1.67	-4.38	-4.38
1683721280.38	1.67	-4.38	-4.38
1683721280.48	1.67	-4.38	-4.46
1683721280.58	1.67	-4.38	-4.46
1683721280.68	1.67	-4.38	-4.39
1683721280.78	1.67	-4.38	-4.39
1683721280.88	1.67	-4.38	-4.38
1683721280.98	1.67	-4.38	-4.38
1683721281.08	1.67	-4.38	-4.43
1683721281.18	1.67	-4.38	-4.43
1683721281.28	1.67	-4.38	-4.41
1683721281.38	1.67	-4.38	-4.41
1683721281.48	1.67	-4.38	-4.44
1683721281.58	1.67	-4.38	-4.44
1683721281.68	1.67	-4.38	-4.40
1683721281.78	1.67	-4.38	-4.40
1683721281.88	1.67	-4.38	-4.39
1683721281.98	1.67	-4.38	-4.39
1683721282.08	1.67	-4.38	-4.40
1683721282.18	1.67	-4.38	-4.40
1683721282.28	1.67	-4.38	-4.43
1683721282.38	1.67	-4.38	-4.43
1683721282.48	1.67	-4.38	-4.42
1683721282.58	1.67	-4.38	-4.42
1683721282.68	1.67	-4.38	-4.41
1683721282.78	1.67	-4.38	-4.41
1683721282.88	1.67	-4.38	-4.40
1683721282.98	1.67	-4.38	-4.40
1683721283.08	1.68	-4.38	-4.41
1683721283.18	1.68	-4.38	-4.41
1683721283.28	1.68	-4.39	-4.34
1683721283.38	1.68	-4.39	-4.34
1683721283.48	1.68	-4.39	-4.35
1683721283.58	1.68	-4.39	-4.35
1683721283.68	1.67	-4.39	-4.37
1683721283.78	1.67	-4.39	-4.37
1683721283.87	1.68	-4.39	-4.36
1683721283.97	1.68	-4.39	-4.36
1683721284.07	1.68	-4.39	-4.37
1683721284.17	1.68	-4.39	-4.37
1683721284.27	1.68	-4.39	-4.35
1683721284.37	1.68	-4.39	-4.35
1683721284.47	1.68	-4.39	-4.37
1683721284.57	1.68	-4.39	-4.37
1683721284.67	1.68	-4.39	-4.41
1683721284.77	1.68	-4.39	-4.41
1683721284.87	1.68	-4.39	-4.40
1683721284.97	1.68	-4.39	-4.40
1683721285.07	1.68	-4.39	-4.38
1683721285.17	1.68	-4.39	-4.38
1683721285.27	1.68	-4.39	-4.36
1683721285.37	1.68	-4.39	-4.36
1683721285.47	1.68	-4.39	-4.33
1683721285.57	1.68	-4.39	-4.33
1683721285.67	1.68	-4.39	-4.33
1683721285.77	1.68	-4.39	-4.33
1683721285.87	1.68	-4.39	-4.35
1683721285.97	1.68	-4.39	-4.35
1683721286.07	1.68	-4.39	-4.36
1683721286.17	1.68	-4.39	-4.36
1683721286.27	1.67	-4.39	-4.36
1683721286.37	1.67	-4.39	-4.36
1683721286.47	1.67	-4.39	-4.36
1683721286.57	1.67	-4.39	-4.36
1683721286.67	1.67	-4.39	-4.30
1683721286.77	1.67	-4.39	-4.30
1683721286.87	1.67	-4.39	-4.31
1683721286.97	1.67	-4.39	-4.31
1683721287.07	1.67	-4.38	-4.33
1683721287.17	1.67	-4.38	-4.33
1683721287.27	1.67	-4.39	-4.33
1683721287.37	1.67	-4.39	-4.33
1683721287.47	1.67	-4.38	-4.38
1683721287.57	1.67	-4.38	-4.38
1683721287.67	1.67	-4.38	-4.39
1683721287.77	1.67	-4.38	-4.39
1683721287.87	1.67	-4.38	-4.40
1683721287.97	1.67	-4.38	-4.40
1683721288.07	1.68	-4.38	-4.43
1683721288.17	1.68	-4.38	-4.43
1683721288.27	1.68	-4.38	-4.46
1683721288.37	1.68	-4.38	-4.46
1683721288.47	1.68	-4.38	-4.41
1683721288.57	1.68	-4.38	-4.41
1683721288.67	1.68	-4.38	-4.43
1683721288.77	1.68	-4.38	-4.43
1683721288.87	1.68	-4.38	-4.44
1683721288.97	1.68	-4.38	-4.44
1683721289.07	1.68	-4.38	-4.41
1683721289.17	1.68	-4.38	-4.41
1683721289.27	1.68	-4.38	-4.44
1683721289.37	1.68	-4.38	-4.44
1683721289.47	1.68	-4.38	-4.43
1683721289.57	1.68	-4.38	-4.43
1683721289.67	1.68	-4.38	-4.41
1683721289.77	1.68	-4.38	-4.41
1683721289.87	1.67	-4.38	-4.43
1683721289.97	1.67	-4.38	-4.43
1683721290.07	1.68	-4.38	-4.42
1683721290.17	1.68	-4.38	-4.42
1683721290.27	1.68	-4.38	-4.42
1683721290.37	1.68	-4.38	-4.44
1683721290.47	1.67	-4.38	-4.42
1683721290.57	1.67	-4.38	-4.42
1683721290.67	1.67	-4.38	-4.42
1683721290.77	1.68	-4.39	-4.41
1683721290.87	1.67	-4.39	-4.37
1683721290.97	1.67	-4.39	-4.37
1683721291.07	1.67	-4.39	-4.37
1683721291.17	1.68	-4.39	-4.38
1683721291.27	1.67	-4.39	-4.30
1683721291.37	1.67	-4.39	-4.30
1683721291.47	1.67	-4.39	-4.33
1683721291.57	1.67	-4.39	-4.33
1683721291.67	1.67	-4.39	-4.33
1683721291.77	1.67	-4.39	-4.32
1683721291.87	1.67	-4.39	-4.33
1683721291.97	1.67	-4.39	-4.33
1683721292.07	1.68	-4.40	-4.30
1683721292.17	1.68	-4.40	-4.30
1683721292.27	1.68	-4.40	-4.30
1683721292.37	1.68	-4.39	-4.33
1683721292.47	1.67	-4.39	-4.31
1683721292.57	1.67	-4.39	-4.31
1683721292.67	1.67	-4.39	-4.30
1683721292.77	1.67	-4.39	-4.30
1683721292.87	1.67	-4.39	-4.36
1683721292.97	1.67	-4.39	-4.36
1683721293.07	1.68	-4.39	-4.37
1683721293.17	1.68	-4.39	-4.37
1683721293.27	1.67	-4.39	-4.37
1683721293.37	1.67	-4.39	-4.37
1683721293.47	1.68	-4.39	-4.39
1683721293.57	1.68	-4.39	-4.39
1683721293.67	1.68	-4.39	-4.39
1683721293.77	1.68	-4.39	-4.39
1683721293.87	1.68	-4.39	-4.37
1683721293.97	1.68	-4.39	-4.37
1683721294.07	1.68	-4.39	-4.37
1683721294.17	1.68	-4.39	-4.37
1683721294.27	1.68	-4.39	-4.40
1683721294.37	1.68	-4.39	-4.40
1683721294.47	1.68	-4.39	-4.39
1683721294.56	1.68	-4.39	-4.39
1683721294.66	1.68	-4.39	-4.35
1683721294.76	1.68	-4.39	-4.35
1683721294.86	1.68	-4.39	-4.34
1683721294.96	1.68	-4.39	-4.34
1683721295.06	1.68	-4.39	-4.36
1683721295.16	1.68	-4.39	-4.36
1683721295.26	1.67	-4.39	-4.33
1683721295.36	1.67	-4.39	-4.33
1683721295.46	1.67	-4.39	-4.32
1683721295.56	1.67	-4.39	-4.32
1683721295.66	1.67	-4.39	-4.34
1683721295.76	1.67	-4.39	-4.34
1683721295.86	1.67	-4.38	-4.38
1683721295.96	1.67	-4.38	-4.38
